emp_no,first_name,last_name,birth_date,from_date,to_date,title
10095,Hilari,Morton,1965-01-03,1994-03-10,9999-01-01,Senior Staff
10122,Ohad,Esposito,1965-01-19,1998-08-06,9999-01-01,Technique Leader
10291,Dipayan,Seghrouchni,1965-01-23,1987-03-30,9999-01-01,Senior Staff
10410,Takahito,Gecsei,1965-01-19,1993-10-16,1996-07-21,Staff
10476,Kokou,Iisaka,1965-01-01,1987-09-20,9999-01-01,Senior Staff
10480,Make,Baba,1965-01-25,1988-05-18,1989-06-03,Staff
10663,Teunis,Noriega,1965-01-09,1999-02-12,9999-01-01,Technique Leader
10762,Lech,Himler,1965-01-19,1992-01-21,9999-01-01,Senior Staff
10933,Juyoung,Seghrouchni,1965-01-24,1993-08-02,9999-01-01,Senior Engineer
11015,Jeanna,Riesenhuber,1965-01-24,1998-03-14,2000-02-22,Senior Staff
11126,Hideo,Daescu,1965-01-08,1992-02-25,2002-04-04,Staff
11157,Mario,Cochrane,1965-02-01,1985-03-30,1991-02-06,Engineer
11432,Yongmao,Zwicker,1965-01-15,1987-10-19,1997-09-13,Engineer
12155,Keiichiro,Glinert,1965-01-21,1993-09-16,9999-01-01,Engineer
12408,Rasiah,Sudkamp,1965-01-10,1995-04-18,9999-01-01,Senior Engineer
12643,Morrie,Schurmann,1965-01-30,1998-12-31,9999-01-01,Staff
13499,Kazuhiko,Sidou,1965-01-16,1991-09-01,9999-01-01,Technique Leader
13957,Angus,Chelton,1965-01-10,1986-04-18,1987-02-02,Senior Engineer
14075,Denny,Tchuente,1965-01-03,1991-05-30,9999-01-01,Assistant Engineer
14104,Sudhanshu,Demian,1965-01-03,1994-07-23,9999-01-01,Staff
14127,Magdalena,Cannard,1965-01-10,1994-04-22,9999-01-01,Senior Engineer
14158,Caolyn,Setiz,1965-01-22,1990-02-06,9999-01-01,Senior Staff
14476,Sastry,Marrevee,1965-01-19,1999-09-25,9999-01-01,Engineer
14551,Richard,Sinitsyn,1965-01-18,1993-06-27,1993-09-16,Senior Staff
14907,Nakhoon,Luga,1965-01-14,1986-12-18,9999-01-01,Senior Staff
15050,Nikolaos,Kruskal,1965-01-18,1990-12-17,9999-01-01,Engineer
15058,Bouchung,Bugrara,1965-01-30,1990-06-18,9999-01-01,Senior Staff
15376,Geoff,Soicher,1965-01-10,1988-08-14,2001-03-01,Senior Staff
15413,Arvin,Rabejac,1965-01-17,1994-01-01,9999-01-01,Engineer
16461,Remmert,Schahn,1965-01-14,1986-09-06,9999-01-01,Senior Staff
16528,Gaurav,Swick,1965-01-21,1996-05-07,9999-01-01,Assistant Engineer
17013,Morris,Garigliano,1965-01-15,1995-05-24,9999-01-01,Senior Staff
17206,Berry,DeMori,1965-01-02,1992-12-27,9999-01-01,Engineer
17369,Yaghout,Kenevan,1965-01-31,1993-01-28,2000-09-15,Senior Engineer
17447,Zengping,Boreale,1965-01-11,1998-12-16,9999-01-01,Staff
17618,Teiji,Picco,1965-01-12,1992-09-17,1999-11-08,Staff
17731,Gennady,Roison,1965-01-16,1989-12-06,9999-01-01,Engineer
17799,Gro,Gini,1965-01-28,1997-09-28,2001-07-11,Engineer
17970,Filipp,Carrere,1965-01-06,1989-01-09,9999-01-01,Technique Leader
17988,Mabhin,Calkin,1965-01-31,1989-11-30,9999-01-01,Senior Engineer
18021,Adil,Matzke,1965-01-07,1987-05-08,9999-01-01,Engineer
18187,Denis,Falster,1965-01-08,1998-12-21,1999-06-03,Staff
18424,Filipp,Rousseau,1965-01-19,1995-06-07,9999-01-01,Engineer
18583,Stafford,Honglei,1965-01-03,1998-08-16,9999-01-01,Staff
18617,Surveyors,Crouzet,1965-01-21,1989-04-24,9999-01-01,Staff
18810,Taiji,Jarecki,1965-01-09,1991-06-27,9999-01-01,Engineer
19236,Elzbieta,Morris,1965-01-24,1988-07-12,9999-01-01,Engineer
19350,Satoru,Yoshizawa,1965-01-19,1994-03-27,9999-01-01,Staff
19803,Ziva,Kowalchuk,1965-01-30,1987-06-13,9999-01-01,Engineer
20100,Utz,Heuter,1965-01-18,1986-06-15,9999-01-01,Staff
20128,Kazunori,Peak,1965-01-23,1999-08-13,9999-01-01,Senior Staff
20129,Rafael,Skafidas,1965-01-10,1991-03-28,9999-01-01,Senior Engineer
20248,Vidar,Demri,1965-01-12,1999-12-31,9999-01-01,Staff
20313,Candida,Benveniste,1965-01-24,1999-01-20,9999-01-01,Engineer
20500,Christoph,Trystram,1965-01-30,1993-10-15,9999-01-01,Senior Staff
20712,Valeri,Escriba,1965-01-26,1994-04-09,1998-05-02,Engineer
20720,Heejo,Brodie,1965-01-17,1996-12-27,1997-05-17,Senior Staff
20885,Otmar,Rothenberg,1965-01-21,1989-03-14,9999-01-01,Engineer
21181,Jianhui,Cangellaris,1965-01-21,1991-10-06,9999-01-01,Engineer
21188,Piyush,Danecki,1965-01-21,2000-01-08,9999-01-01,Engineer
21534,Alagu,Luders,1965-01-12,1996-04-03,1997-12-14,Staff
21546,Yongmin,Lanteri,1965-01-01,2002-03-19,9999-01-01,Senior Staff
21843,Karsten,Azadmanesh,1965-01-09,1985-11-29,9999-01-01,Senior Engineer
21909,Mohammed,Brizzi,1965-01-04,1991-12-28,9999-01-01,Senior Staff
22027,Sangeeta,Georg,1965-01-27,1992-07-31,1998-03-14,Staff
22185,Huai,Birch,1965-01-29,1996-03-26,2002-06-12,Engineer
22415,Perla,Jumpertz,1965-01-20,1994-08-24,9999-01-01,Senior Staff
22451,Jasminko,Bresenham,1965-01-27,1994-01-19,9999-01-01,Senior Staff
22455,Barry,Unno,1965-01-06,1990-11-16,9999-01-01,Senior Staff
22502,Rutger,Binkley,1965-01-29,1989-10-16,2001-11-02,Senior Engineer
22926,Manibrata,Genther,1965-01-01,1988-01-15,9999-01-01,Senior Engineer
23396,Hilari,Fairtlough,1965-01-02,1986-12-15,9999-01-01,Technique Leader
24080,Jaana,Perez,1965-01-26,1996-03-11,9999-01-01,Technique Leader
24189,Abdelaziz,Atrawala,1965-01-16,1993-03-28,1997-02-23,Staff
24205,Roddy,Rubsam,1965-01-25,1993-09-19,9999-01-01,Senior Engineer
24377,Lubomir,Wroclawski,1965-01-25,1993-07-25,9999-01-01,Engineer
24394,Zhonghui,Conta,1965-01-04,1994-09-10,9999-01-01,Staff
24421,Dannz,Grospietsch,1965-01-10,1990-09-01,2000-10-12,Senior Engineer
24553,Anwar,Passafiume,1965-01-12,1987-01-30,9999-01-01,Senior Staff
24571,Cordelia,Gischer,1965-01-20,1989-03-14,9999-01-01,Senior Engineer
25488,Ingmar,Basawa,1965-01-19,1991-11-09,9999-01-01,Senior Staff
26476,Bilhanan,Karcich,1965-01-19,1996-04-09,1997-02-04,Staff
26503,Shietung,Billingsley,1965-01-27,1998-11-07,1998-12-02,Senior Staff
26617,Berto,Bruckman,1965-01-06,1991-11-23,1994-03-27,Engineer
26629,Nevin,Rodham,1965-01-28,1998-12-14,9999-01-01,Senior Staff
26671,Jiakeng,Kalorkoti,1965-01-21,1994-12-25,9999-01-01,Engineer
26788,Zongyan,Dalphin,1965-01-25,1988-04-23,9999-01-01,Engineer
27150,Chenyi,Plump,1965-01-06,1992-06-23,1995-05-22,Staff
27331,Wanqing,Krohm,1965-01-19,1991-01-22,9999-01-01,Senior Staff
27378,Piyawadee,Leppanen,1965-01-28,1999-02-25,9999-01-01,Senior Staff
27620,Shuji,Kandlur,1965-01-25,1990-03-02,9999-01-01,Engineer
27686,Manu,Rosiles,1965-01-28,1998-03-03,9999-01-01,Senior Staff
27699,Falguni,Pezzoli,1965-01-15,1996-12-23,9999-01-01,Engineer
27767,Tooru,Veldwijk,1965-01-27,1993-11-21,9999-01-01,Staff
27970,KayLiang,Miyakawa,1965-01-12,1995-11-22,2000-02-07,Technique Leader
28193,Xinglin,Mitsuhashi,1965-01-29,1988-12-14,9999-01-01,Engineer
28222,Mayuko,Vitiello,1965-01-11,1993-12-22,1995-10-16,Technique Leader
28974,Chenxi,Sundgren,1965-01-09,1986-09-02,9999-01-01,Senior Engineer
28988,Tua,Giveon,1965-01-18,1998-09-09,9999-01-01,Technique Leader
29130,Xumin,Thorensen,1965-01-06,1998-04-26,9999-01-01,Staff
29265,Gilbert,Calkin,1965-01-14,1988-03-21,9999-01-01,Senior Staff
29380,Satoru,Vidal,1965-01-30,1998-05-02,9999-01-01,Assistant Engineer
29418,Valery,Mersereau,1965-01-22,1998-07-01,9999-01-01,Assistant Engineer
29679,Kolar,Steenbeek,1965-01-17,1986-10-18,9999-01-01,Senior Engineer
29782,Jouko,Hellwagner,1965-01-29,2000-10-23,9999-01-01,Senior Engineer
29954,Pranay,Giarratana,1965-01-27,1992-09-29,9999-01-01,Senior Engineer
30007,Kousuke,Vecchio,1965-01-24,1990-02-23,9999-01-01,Engineer
30035,Tetsushi,Conta,1965-01-08,1995-07-04,9999-01-01,Senior Staff
30154,Mayuko,Skafidas,1965-01-26,1999-04-19,9999-01-01,Technique Leader
30182,Leon,Potthoff,1965-01-26,1985-12-08,9999-01-01,Engineer
30465,Randi,Avouris,1965-01-28,1986-07-16,9999-01-01,Engineer
30484,Sailaja,Chvatal,1965-01-11,1999-05-18,9999-01-01,Staff
30552,Yishai,Terlouw,1965-01-18,1986-09-19,1999-01-07,Senior Engineer
30695,Gudjon,Majewski,1965-01-08,1999-10-26,9999-01-01,Senior Engineer
30938,Yakkov,Samarati,1965-01-06,1995-05-23,1997-10-10,Staff
31147,Divine,Sidhu,1965-01-04,1989-07-05,9999-01-01,Senior Staff
31170,Tuval,Waleschkowski,1965-01-08,1987-10-16,1988-12-14,Senior Staff
31188,Leandro,Gist,1965-01-12,1993-02-03,9999-01-01,Technique Leader
31207,Abdelwaheb,Dulin,1965-01-30,1993-08-05,9999-01-01,Senior Engineer
31341,Oksana,Zultner,1965-01-01,1991-03-23,9999-01-01,Senior Staff
31514,Harngdar,Schapire,1965-01-13,1996-11-09,9999-01-01,Senior Engineer
31568,Mark,Lalonde,1965-01-10,1996-11-24,9999-01-01,Staff
31599,Qingxiang,Gewali,1965-01-05,1997-09-22,1998-12-01,Engineer
31629,Toong,Veldwijk,1965-01-24,1986-07-28,1996-04-26,Assistant Engineer
31909,Murthy,Peek,1965-01-10,1994-07-19,2000-10-30,Engineer
32347,Terresa,Peres,1965-01-08,1990-09-15,9999-01-01,Senior Staff
32552,Atreye,Stanger,1965-01-17,1993-09-10,9999-01-01,Engineer
32622,Piyush,Paciorek,1965-01-23,1991-04-07,1991-07-18,Staff
32649,Ingmar,Nannarelli,1965-01-12,1988-06-10,9999-01-01,Senior Staff
32714,Radoslaw,Maliniak,1965-01-16,1997-11-17,2001-09-18,Staff
32844,Tadahiko,Melton,1965-01-23,1995-01-07,9999-01-01,Engineer
33025,Jessie,Thorelli,1965-01-12,1999-12-16,9999-01-01,Senior Staff
33215,Steen,Fasbender,1965-01-29,1993-02-14,9999-01-01,Technique Leader
33293,Adamantios,Vanwelkenhuysen,1965-02-01,1994-01-11,2000-08-18,Assistant Engineer
33606,Clyde,Swift,1965-01-02,1994-11-14,1996-12-29,Staff
33722,Anwar,Collette,1965-01-15,2001-02-03,9999-01-01,Senior Engineer
34077,Angel,Sichman,1965-01-08,1988-11-16,9999-01-01,Senior Staff
34261,Kyoichi,Callaway,1965-01-05,1990-12-30,9999-01-01,Senior Staff
34446,Chinhyun,Bauknecht,1965-01-31,1986-12-19,9999-01-01,Senior Engineer
34452,Naftaly,Foong,1965-01-08,1991-05-10,9999-01-01,Engineer
34505,Felicidad,Kumaresan,1965-01-28,1994-09-06,9999-01-01,Senior Staff
34533,Erzsebet,Shigei,1965-01-10,1991-01-21,1995-01-16,Senior Engineer
34780,Moni,Kohling,1965-01-16,1994-07-21,2001-09-18,Staff
34788,Ennio,Babu,1965-01-27,1994-08-31,9999-01-01,Senior Engineer
34936,Bokyung,Stamatiou,1965-01-12,1991-02-12,9999-01-01,Technique Leader
35044,Jiang,Waschkowski,1965-01-04,1989-05-27,9999-01-01,Engineer
35087,Leif,Ashish,1965-01-17,1994-10-14,9999-01-01,Staff
35441,Chandrasekaran,Peek,1965-01-31,1990-09-17,9999-01-01,Senior Engineer
35642,Ashish,Talmon,1965-01-30,1999-02-28,9999-01-01,Senior Engineer
35793,Oscar,Kusalik,1965-01-01,1991-05-11,9999-01-01,Senior Staff
35798,Ulf,Oberman,1965-01-29,1997-03-15,9999-01-01,Senior Engineer
36521,Serif,Gladwell,1965-01-21,1987-03-06,9999-01-01,Senior Staff
36626,Fen,Genin,1965-01-02,1986-05-09,9999-01-01,Senior Staff
36733,Uma,Reinhard,1965-01-04,1997-11-01,9999-01-01,Staff
36844,Hailing,Levergood,1965-01-01,2000-01-12,9999-01-01,Staff
36982,Kotesh,Rajala,1965-01-22,1992-06-23,9999-01-01,Engineer
37070,Jeong,Undy,1965-01-22,1985-02-13,9999-01-01,Senior Staff
37592,Berni,Stranks,1965-02-01,1985-11-05,1992-09-19,Engineer
37719,Nakhoon,Buescher,1965-01-31,1988-06-12,1999-01-17,Assistant Engineer
37945,Suzette,Butterworth,1965-01-02,1994-02-19,9999-01-01,Senior Engineer
38017,Ulf,Himler,1965-01-24,1995-08-05,1997-11-28,Staff
38043,Michaela,Randi,1965-01-05,1985-11-23,9999-01-01,Engineer
38103,Masasuke,Babu,1965-01-12,1988-03-31,9999-01-01,Engineer
38168,Fumiko,Deverell,1965-01-14,1987-08-15,9999-01-01,Staff
38550,JoAnne,Baez,1965-01-14,1987-02-16,9999-01-01,Senior Engineer
38593,Huei,Orsini,1965-01-14,1986-06-04,9999-01-01,Engineer
38947,Shuichi,Ruemmler,1965-01-25,1998-04-08,9999-01-01,Senior Staff
39000,Martijn,Vendrig,1965-01-08,1997-03-03,9999-01-01,Staff
39036,Changho,Cappelli,1965-01-08,1996-05-04,9999-01-01,Staff
39268,Constantijn,Awdeh,1965-01-10,1987-10-20,1990-06-10,Engineer
39301,Rimon,Kawashima,1965-01-07,1992-02-06,9999-01-01,Staff
39341,Mahmut,Lampe,1965-01-01,1985-05-11,9999-01-01,Senior Engineer
39952,Otmar,Sudbeck,1965-01-02,1998-07-22,9999-01-01,Staff
40269,Toshiki,Ghazalie,1965-01-10,1991-12-05,9999-01-01,Staff
40283,Sudhanshu,Boissier,1965-01-07,1985-05-11,9999-01-01,Engineer
40301,Spyrose,Felder,1965-01-20,1996-06-16,1997-10-20,Senior Engineer
40536,Harngdar,Bernardinello,1965-01-20,1988-02-29,9999-01-01,Engineer
40648,Wayne,Erev,1965-01-23,1990-09-19,1993-02-02,Staff
40765,Michaela,Ramsak,1965-01-01,1992-12-21,9999-01-01,Senior Staff
40773,Shimshon,Aingworth,1965-01-09,1986-04-13,9999-01-01,Senior Staff
40785,Youpyo,Castellani,1965-01-31,1998-09-04,1999-10-14,Engineer
40983,Marla,Cherinka,1965-01-17,1986-12-01,9999-01-01,Technique Leader
41114,Petter,Thummel,1965-01-25,1995-12-24,9999-01-01,Technique Leader
41137,Bikash,Buchter,1965-01-20,1996-01-08,9999-01-01,Staff
41357,Willard,Vernadat,1965-01-06,1997-03-04,9999-01-01,Engineer
41518,Keung,Schapiro,1965-01-11,2001-02-08,9999-01-01,Senior Engineer
41520,Xiong,Uhrik,1965-01-20,1988-03-21,9999-01-01,Senior Engineer
41552,Uno,Heyers,1965-01-03,1990-09-28,2001-11-29,Engineer
41609,Yucai,Simmen,1965-01-04,1987-10-13,9999-01-01,Senior Staff
42778,Shuji,Remmers,1965-01-19,1987-12-18,9999-01-01,Staff
42911,Brigham,Eterovic,1965-01-29,1994-10-08,9999-01-01,Engineer
42950,Shaleah,Eickenmeyer,1965-01-22,1993-10-09,9999-01-01,Senior Staff
42955,Yucel,Lortz,1965-01-12,1995-02-21,9999-01-01,Engineer
43154,Maha,Waterhouse,1965-01-13,1997-07-04,9999-01-01,Staff
43358,Ottavia,Mitsuhashi,1965-01-07,1989-08-18,1996-07-13,Staff
43733,Huei,Boguraev,1965-01-26,1993-12-31,9999-01-01,Senior Staff
43848,Phillip,Oxenboll,1965-01-11,1999-05-26,9999-01-01,Engineer
44054,Alenka,Ritcey,1965-01-18,1997-02-09,9999-01-01,Engineer
44265,Maria,Eppinger,1965-01-24,1997-01-30,9999-01-01,Engineer
44540,Mingzeng,Sadowski,1965-01-16,1989-11-12,9999-01-01,Senior Engineer
44900,Mark,Schwaller,1965-01-05,1994-08-10,9999-01-01,Senior Staff
44959,Volkmar,Uhrik,1965-01-21,1988-01-16,9999-01-01,Engineer
44962,Sariel,Wynblatt,1965-01-16,1996-05-18,9999-01-01,Assistant Engineer
45162,Dulce,Speel,1965-01-11,1987-10-19,9999-01-01,Engineer
45590,Masoud,Genin,1965-01-21,1991-02-16,1994-06-01,Technique Leader
46000,Zhaofang,Penn,1965-01-26,1997-07-24,9999-01-01,Senior Staff
46015,Weiye,Masand,1965-01-19,1995-07-24,2002-01-29,Staff
46222,Mrinalini,Strooper,1965-01-20,1990-03-05,1992-09-04,Staff
46328,Wuxu,Trogemann,1965-01-05,1997-01-27,9999-01-01,Senior Staff
46531,Yaghout,Peng,1965-01-30,1995-10-02,1997-10-07,Assistant Engineer
46811,Junsik,Berendt,1965-01-10,1988-04-27,9999-01-01,Senior Engineer
46834,Tooru,Daescu,1965-01-22,1998-03-20,9999-01-01,Senior Staff
46943,Pasqua,Maraist,1965-01-31,1993-12-06,9999-01-01,Engineer
47016,Toong,Litecky,1965-01-03,1989-03-01,9999-01-01,Senior Staff
47139,Marco,Usdin,1965-01-25,1996-10-29,9999-01-01,Engineer
47262,Gonzalo,Binkley,1965-01-10,1985-08-16,9999-01-01,Engineer
47515,Naraig,Jenevein,1965-01-26,1987-01-18,9999-01-01,Senior Engineer
47702,Juyoung,Vieri,1965-01-21,1991-08-12,9999-01-01,Senior Staff
47708,Edwin,Haldar,1965-01-05,1995-07-12,9999-01-01,Senior Staff
48275,Sariel,Massonet,1965-01-29,1987-11-20,9999-01-01,Senior Staff
48690,Hitomi,Schaap,1965-01-12,1999-09-27,9999-01-01,Staff
48882,Leen,Lamparter,1965-01-28,1993-06-07,9999-01-01,Engineer
48904,Yuichiro,Malabarba,1965-01-23,1994-03-07,9999-01-01,Senior Staff
48947,Filipp,Akaboshi,1965-01-05,1992-05-20,9999-01-01,Senior Staff
49010,Kazuhisa,Benantar,1965-01-16,1989-10-23,1990-03-30,Staff
49017,Filipp,Flanders,1965-01-07,1990-11-26,9999-01-01,Senior Engineer
49119,Lena,Peek,1965-01-09,1991-05-16,9999-01-01,Senior Engineer
49177,Tze,Bach,1965-01-03,1999-03-09,9999-01-01,Engineer
49464,Siddarth,Cappelletti,1965-01-14,1999-09-10,9999-01-01,Staff
49477,Baocai,Leaver,1965-01-14,1998-08-05,9999-01-01,Senior Staff
50293,Xinan,Rindone,1965-01-26,1996-10-08,9999-01-01,Engineer
50311,Mooi,Stafford,1965-01-24,1996-10-06,9999-01-01,Senior Engineer
50360,Sumali,Kushner,1965-01-18,1999-10-30,2001-10-29,Engineer
50453,Aron,Harbusch,1965-01-12,1997-10-02,9999-01-01,Staff
50587,Slavian,Yemenis,1965-01-26,1993-08-06,1994-11-18,Technique Leader
50670,Boguslaw,Snedden,1965-01-30,1985-02-20,9999-01-01,Senior Staff
50831,Marie,Khalid,1965-01-06,1990-10-27,1996-06-11,Senior Engineer
51036,Chriss,Fasbender,1965-01-29,1995-05-23,9999-01-01,Staff
51057,Theirry,Albarhamtoshy,1965-01-29,1991-09-27,9999-01-01,Staff
51060,Youngkon,Rohrbach,1965-01-15,1989-10-20,9999-01-01,Engineer
51118,Fumiko,Mundy,1965-01-17,1998-09-22,2001-08-20,Staff
51142,Rosine,Lakshmanan,1965-01-29,1986-01-31,9999-01-01,Engineer
51502,Slavian,Munawer,1965-01-29,1999-08-06,2001-09-04,Senior Staff
51868,Remmert,Munke,1965-01-19,1991-09-22,1998-05-19,Assistant Engineer
52038,Chikako,Armand,1965-01-13,1985-05-18,9999-01-01,Senior Engineer
52040,Phule,Heijenga,1965-01-14,1992-02-22,1996-12-08,Staff
52283,Trygve,Krupka,1965-01-20,1994-03-11,9999-01-01,Senior Staff
52386,Adas,Denti,1965-01-28,1986-05-30,9999-01-01,Staff
52590,Jouni,Munoz,1965-01-21,1996-10-07,9999-01-01,Senior Staff
52599,Augustine,Mungall,1965-01-25,1994-01-13,9999-01-01,Senior Engineer
52639,Arup,Colorni,1965-01-09,1996-02-05,9999-01-01,Senior Staff
52770,Shugo,Yurek,1965-01-31,1992-08-28,9999-01-01,Staff
52778,Alain,Penn,1965-01-15,1986-05-03,9999-01-01,Technique Leader
52956,Khalil,Picci,1965-01-31,1998-11-24,9999-01-01,Engineer
52970,Lobel,Werthner,1965-01-22,1988-03-17,9999-01-01,Engineer
53088,Mechthild,Lamma,1965-01-25,1986-05-19,1993-06-03,Senior Engineer
53278,Premsyl,Lortz,1965-01-31,1993-02-01,9999-01-01,Staff
53314,Eberhardt,Carrera,1965-01-06,1999-02-23,9999-01-01,Staff
53431,Sham,Vasanthakumar,1965-01-12,1993-05-24,9999-01-01,Senior Staff
53499,Zdislav,Mandelberg,1965-01-20,1994-09-11,9999-01-01,Senior Engineer
53597,Jiafu,Marchegay,1965-01-30,1985-03-02,9999-01-01,Engineer
53746,Manu,Erva,1965-01-21,1989-03-17,1993-04-29,Staff
53874,Bodo,Schade,1965-01-23,1986-02-14,9999-01-01,Senior Staff
53891,Olivera,Pargaonkar,1965-01-23,1989-03-13,1992-03-29,Staff
53924,Arnould,Gaughan,1965-01-27,1991-01-23,9999-01-01,Engineer
54198,Shaowen,Segond,1965-01-01,1986-01-06,9999-01-01,Senior Engineer
54632,Etsuo,Serot,1965-01-19,1989-06-14,9999-01-01,Staff
54795,Sumant,Nergos,1965-01-29,1994-03-02,9999-01-01,Senior Staff
54800,Breannda,Cangellaris,1965-01-13,2000-01-27,9999-01-01,Staff
55121,Toshiko,Alblas,1965-01-12,1995-07-20,1996-07-23,Engineer
55640,Adit,Syrotiuk,1965-01-25,1993-07-16,9999-01-01,Engineer
55670,Ulf,Ranft,1965-01-30,1990-03-25,1996-02-26,Senior Staff
55687,Shih,Lindqvist,1965-01-02,1995-03-29,9999-01-01,Senior Engineer
55799,Jianwen,Litzler,1965-01-23,1987-06-17,9999-01-01,Engineer
55857,Adin,Scallan,1965-01-18,1987-09-15,9999-01-01,Senior Staff
56105,Makato,Remmers,1965-01-11,1989-04-16,9999-01-01,Engineer
56209,Remzi,Douceur,1965-01-19,1992-12-01,9999-01-01,Senior Engineer
56415,Sigeru,Nivat,1965-01-30,1991-10-24,9999-01-01,Staff
56428,Olivera,Hanabata,1965-01-27,1986-11-10,9999-01-01,Staff
56682,Roded,Picco,1965-01-28,1993-11-06,9999-01-01,Assistant Engineer
56829,Nagui,Gruenwald,1965-01-09,1995-12-24,1997-06-14,Engineer
56847,Menkae,Chinin,1965-01-14,1989-08-19,1998-08-27,Senior Engineer
57934,Sanjoy,Boudaillier,1965-01-25,1989-12-27,9999-01-01,Engineer
57982,Paloma,Benzaken,1965-01-29,1989-10-17,1998-09-11,Senior Staff
58141,Bezalel,Karner,1965-01-05,1994-09-27,9999-01-01,Staff
58147,Shigenori,Sullins,1965-01-09,1988-02-24,9999-01-01,Senior Staff
58217,Kiyotoshi,Kusalik,1965-01-30,1998-11-19,1999-06-26,Engineer
58384,Mariusz,Vural,1965-01-22,1993-11-14,9999-01-01,Engineer
58454,Ziya,Zambonelli,1965-01-25,1999-06-29,9999-01-01,Engineer
58497,Yechiam,Cairo,1965-01-22,2000-10-21,9999-01-01,Senior Staff
58601,Sungwon,Asser,1965-01-06,2000-01-27,2000-04-01,Staff
58819,Gennady,Liesche,1965-01-04,1987-12-02,9999-01-01,Senior Staff
58990,Palash,Trelles,1965-01-04,1998-11-18,9999-01-01,Engineer
59195,Ronnie,Pollock,1965-01-08,1990-06-19,9999-01-01,Technique Leader
59329,Zissis,Bazzichi,1965-01-15,1987-02-07,1991-01-25,Staff
59640,Zita,Hiltgen,1965-01-18,1999-01-26,9999-01-01,Staff
59661,Saeko,Baik,1965-01-09,1997-10-11,1999-08-15,Staff
59869,Zsolt,Riefers,1965-02-01,1987-09-25,9999-01-01,Staff
59966,Steen,Salvesen,1965-01-28,1993-02-03,9999-01-01,Technique Leader
60000,Heekeun,Emmart,1965-01-16,1995-09-23,9999-01-01,Assistant Engineer
60091,Surveyors,Bade,1965-02-01,1990-04-11,9999-01-01,Senior Staff
60238,Erzsebet,Claffy,1965-01-23,1999-02-19,9999-01-01,Staff
60559,Jeanna,Stemann,1965-01-19,1988-08-29,9999-01-01,Senior Engineer
60821,Moty,Mersereau,1965-01-02,1991-09-03,9999-01-01,Senior Staff
60845,Bedir,Siegrist,1965-01-14,1997-05-13,9999-01-01,Engineer
60875,Rildo,Masaki,1965-01-21,1990-01-14,9999-01-01,Engineer
60959,Tetsushi,Sridhar,1965-01-09,1989-10-19,9999-01-01,Senior Staff
61147,Leszek,Werthner,1965-01-30,1999-03-03,9999-01-01,Staff
61253,Cheong,Uhrik,1965-01-09,1996-06-04,2002-05-09,Senior Engineer
61377,Dannz,Ohori,1965-01-01,1988-01-18,1997-04-13,Senior Staff
61541,Kasidit,Papsdorf,1965-01-08,1993-08-17,9999-01-01,Engineer
61680,Hauke,Templeman,1965-01-24,1991-10-23,1999-02-21,Staff
61873,Woody,Rusmann,1965-01-19,1993-02-26,9999-01-01,Assistant Engineer
61983,Sastry,Reeken,1965-01-18,1990-07-24,1992-05-17,Staff
62033,Heeju,Cappelli,1965-01-24,1987-01-15,9999-01-01,Senior Engineer
62046,Karlis,Nanard,1965-01-31,1992-09-19,9999-01-01,Engineer
62167,Mihalis,Haldar,1965-01-25,1998-05-11,2001-02-03,Senior Engineer
62245,Adel,Bressoud,1965-01-01,1995-08-30,9999-01-01,Engineer
62384,Akeel,Litzler,1965-01-02,1999-10-23,2001-12-21,Senior Staff
63294,Tetsushi,Tanemo,1965-01-23,1997-03-01,9999-01-01,Engineer
63419,Hiroyasu,Seuren,1965-01-14,1989-03-05,9999-01-01,Senior Engineer
63441,Hinrich,Scallan,1965-01-15,1999-04-04,9999-01-01,Staff
63444,Padma,Peres,1965-01-19,1985-02-20,1994-12-22,Senior Staff
63566,Heekeun,Slaats,1965-01-31,1999-01-12,9999-01-01,Senior Staff
63631,Falguni,Cherinka,1965-01-22,1987-10-15,9999-01-01,Senior Engineer
63706,Sedat,Itzigehl,1965-01-26,1997-07-31,9999-01-01,Engineer
64023,Laurentiu,Benzmuller,1965-01-11,1999-11-08,9999-01-01,Senior Engineer
64209,Golgen,Schoegge,1965-01-24,1988-02-26,9999-01-01,Senior Staff
64431,Faiza,Zongker,1965-01-25,1995-12-10,2001-12-03,Technique Leader
64487,Tsutomu,Rebaine,1965-01-27,1986-09-17,9999-01-01,Engineer
64532,Atilio,Segond,1965-01-23,1990-11-29,9999-01-01,Engineer
64632,Zsolt,Brender,1965-01-07,1996-02-21,9999-01-01,Senior Staff
64790,Shin,Piveteau,1965-01-29,1985-04-19,9999-01-01,Engineer
64828,Krister,Pappas,1965-01-27,1999-09-30,9999-01-01,Staff
64984,Eldridge,Eldridge,1965-01-06,1986-06-24,1994-08-04,Engineer
65013,Chandrasekaran,Peral,1965-01-03,1985-02-28,2001-12-14,Engineer
65171,Jeane,Tasistro,1965-01-25,1994-07-06,9999-01-01,Technique Leader
65539,Aksel,Picaronny,1965-01-23,1991-01-27,9999-01-01,Engineer
65883,Patricia,Pepe,1965-01-07,1991-04-19,9999-01-01,Senior Staff
65998,Mandell,Alameldin,1965-01-09,1989-04-08,9999-01-01,Staff
66382,Domenico,Candan,1965-01-04,1997-07-13,9999-01-01,Engineer
66530,Dung,Leaver,1965-01-29,1998-04-04,9999-01-01,Staff
66643,Jianhao,Tomescu,1965-01-18,1996-08-26,9999-01-01,Engineer
66702,Deniz,Thibadeau,1965-02-01,1994-09-27,9999-01-01,Engineer
66757,Yonghong,Baig,1965-01-16,1999-04-10,9999-01-01,Staff
66807,Aiman,Rosaz,1965-01-21,1990-05-22,9999-01-01,Engineer
67320,Sadok,Lorys,1965-01-18,1987-05-10,9999-01-01,Senior Staff
67548,Fumitaka,Roohalamini,1965-01-11,1998-06-27,9999-01-01,Staff
67934,Aiman,Gargeya,1965-01-07,1985-03-07,9999-01-01,Engineer
68022,Kristinn,Pearson,1965-01-12,1995-05-07,1999-06-26,Staff
68168,Marl,Thiria,1965-01-14,1987-03-18,1996-12-31,Senior Staff
68263,Fumiko,Bodoff,1965-01-16,1991-12-19,1993-07-11,Staff
68416,Munenori,Debuse,1965-01-27,1990-11-08,9999-01-01,Senior Engineer
68608,Yucai,Seghrouchni,1965-01-26,1989-06-09,9999-01-01,Senior Engineer
68633,Chinhyun,Rassart,1965-01-28,1993-07-29,9999-01-01,Senior Engineer
68648,Jaques,DiGiano,1965-01-25,1992-04-01,9999-01-01,Technique Leader
69052,Shietung,Shrader,1965-01-26,1995-08-05,9999-01-01,Senior Staff
69219,Shuky,Redmiles,1965-01-09,1994-11-19,9999-01-01,Senior Staff
69867,Miyeon,Rothe,1965-01-22,1991-04-09,9999-01-01,Staff
69878,Chinya,Cooke,1965-01-24,1997-01-29,9999-01-01,Engineer
69936,Lalit,Unni,1965-01-23,1999-01-31,9999-01-01,Assistant Engineer
70469,Tru,Miyakawa,1965-01-12,1990-09-03,9999-01-01,Senior Staff
70780,Behnaam,Angelov,1965-01-27,1995-01-29,1999-07-20,Assistant Engineer
70990,Arumugam,Nitta,1965-01-22,1990-03-23,9999-01-01,Senior Engineer
71066,Domenick,Basart,1965-01-27,1996-01-05,9999-01-01,Senior Staff
71141,Sajjad,Vitiello,1965-01-02,1992-02-17,9999-01-01,Senior Staff
71188,Pranjal,Schapiro,1965-01-02,1986-12-14,9999-01-01,Senior Staff
71243,Kinh,Buchter,1965-01-10,1986-03-29,9999-01-01,Engineer
71334,Cathie,Peck,1965-01-15,1993-04-12,2001-03-04,Engineer
71685,Kristinn,Olano,1965-01-01,1989-10-03,9999-01-01,Senior Engineer
71710,Hitomi,Takanami,1965-01-31,1997-12-15,9999-01-01,Assistant Engineer
71745,Adil,Laventhal,1965-01-02,1992-05-13,9999-01-01,Assistant Engineer
72190,Sajjad,Waeselynck,1965-01-19,1999-09-13,9999-01-01,Engineer
72194,Feiyu,Siepmann,1965-01-26,1998-10-01,9999-01-01,Senior Engineer
72232,Naraig,Veldwijk,1965-01-10,1989-07-10,9999-01-01,Senior Engineer
72640,Honglan,Hutton,1965-01-24,1993-10-04,9999-01-01,Engineer
72918,Takahira,Szilard,1965-01-22,1988-01-16,9999-01-01,Senior Staff
73076,Froduald,Feldhoffer,1965-01-22,1993-03-16,9999-01-01,Senior Engineer
73233,Shigeo,Merey,1965-01-15,1985-07-30,9999-01-01,Senior Engineer
73516,Qingxiang,Badache,1965-01-14,1989-06-25,9999-01-01,Engineer
73743,Anneke,Bernardeschi,1965-01-15,2000-10-15,9999-01-01,Engineer
73794,Aiichiro,Castellani,1965-01-26,1985-08-26,1987-08-19,Engineer
73903,Bartek,Cappello,1965-01-29,1988-07-28,1993-01-02,Engineer
74200,Holgard,Weiland,1965-01-16,1991-09-24,9999-01-01,Senior Engineer
74237,Jaihie,Vilarrasa,1965-01-29,1992-03-03,2001-06-20,Engineer
74344,Hiroyasu,Provine,1965-02-01,1994-11-25,9999-01-01,Engineer
74598,Kolar,Garigliano,1965-01-07,1992-05-10,1999-03-07,Senior Staff
74668,Masako,Bonifati,1965-01-01,1987-04-09,9999-01-01,Senior Staff
74800,Yuuichi,Conde,1965-01-25,1989-03-08,9999-01-01,Senior Engineer
75113,Zissis,Birch,1965-01-22,1994-08-19,2000-07-15,Senior Engineer
75354,Shuky,Jakobus,1965-01-11,1986-06-16,9999-01-01,Engineer
75420,Clyde,Vrecion,1965-01-09,1997-07-03,2000-09-14,Engineer
75703,Kyoichi,Erman,1965-01-08,1996-07-25,9999-01-01,Engineer
75760,Jahangir,Radhakrishnan,1965-01-21,1991-04-19,1993-12-29,Technique Leader
75888,Marsal,Otillio,1965-01-31,1994-01-23,1999-09-16,Staff
76178,Chiradeep,Meriste,1965-01-19,1988-05-23,1997-06-25,Senior Engineer
76189,Kolar,Hinsberger,1965-01-02,1986-10-20,9999-01-01,Engineer
76201,Arif,Preusig,1965-01-10,1992-04-02,9999-01-01,Senior Engineer
76417,Parviz,Duclos,1965-01-31,1989-12-27,1993-12-31,Senior Engineer
76598,Keung,Ferriere,1965-01-24,1991-05-13,1995-10-08,Engineer
76640,Tristan,Mitsuhashi,1965-01-02,1994-07-13,9999-01-01,Engineer
76847,Mariusz,Weiland,1965-01-20,1989-08-16,1994-11-09,Senior Engineer
77030,Faiza,Garnham,1965-01-02,1986-03-02,9999-01-01,Technique Leader
77157,Tesuro,Nicolson,1965-01-14,1996-06-01,1999-10-20,Staff
77303,Xinglin,Birge,1965-01-18,1992-03-05,9999-01-01,Senior Staff
77647,Niranjan,Schaaf,1965-01-07,1989-11-05,9999-01-01,Technique Leader
77815,Ronghao,Picaronny,1965-01-21,1993-06-09,9999-01-01,Assistant Engineer
78086,Fabrizio,Anick,1965-01-20,1997-12-16,1998-05-02,Staff
78106,Ashish,Ratnaker,1965-01-09,2000-01-17,9999-01-01,Senior Staff
78171,Teiji,Hinsberger,1965-01-12,1997-01-25,2002-05-18,Senior Staff
78363,Susumu,Fritzsche,1965-01-03,1998-06-23,9999-01-01,Engineer
78469,Leucio,Cappelli,1965-01-28,1997-08-22,9999-01-01,Staff
78871,Conor,Ghandeharizadeh,1965-01-15,1985-05-25,9999-01-01,Senior Engineer
79043,Katsuo,Hockney,1965-01-24,1999-11-07,9999-01-01,Technique Leader
79171,Guiseppe,Ellozy,1965-01-19,1991-01-12,9999-01-01,Senior Engineer
79190,Tsuneo,Servi,1965-01-18,1999-06-30,2001-06-02,Staff
79239,Denny,Griswold,1965-01-07,1989-05-18,2001-11-19,Senior Engineer
79310,Jeong,Cunliffe,1965-01-24,1996-10-27,9999-01-01,Senior Staff
79606,Arnd,Peir,1965-01-03,1986-12-11,9999-01-01,Senior Engineer
79640,Marl,Litzkow,1965-01-26,1991-10-12,1993-10-22,Staff
79722,Make,Remmers,1965-01-17,1997-08-07,1998-08-08,Staff
79763,Sanjoy,Barreiro,1965-01-20,1988-04-09,9999-01-01,Senior Staff
79895,Fei,Murtagh,1965-01-30,1986-01-19,9999-01-01,Senior Staff
80067,Kazuhisa,Weiland,1965-01-19,1985-11-09,9999-01-01,Senior Staff
80203,Shakhar,Baik,1965-01-22,1993-12-01,9999-01-01,Staff
80432,Stella,Figueira,1965-01-17,1990-03-14,9999-01-01,Senior Staff
80656,Kwan,Gide,1965-01-09,1998-06-24,2001-07-01,Engineer
80731,Shaowen,Eldridge,1965-01-25,1987-12-05,9999-01-01,Staff
80745,Rimli,Huttel,1965-01-09,1989-12-14,1996-11-29,Staff
80850,Koldo,Luit,1965-02-01,1995-04-16,9999-01-01,Senior Engineer
80889,Shigeo,Linnainmaa,1965-01-07,1985-07-30,9999-01-01,Senior Engineer
80948,Harjit,Bardell,1965-01-27,1991-05-24,9999-01-01,Senior Engineer
81105,Jaewon,Boissier,1965-01-14,1992-05-24,9999-01-01,Engineer
81162,Marco,Klerer,1965-01-28,1993-11-01,1995-02-28,Senior Engineer
81545,Larisa,Kornyak,1965-01-13,1996-03-10,2000-02-07,Technique Leader
81619,Gen,Aloisi,1965-01-12,1985-03-12,2002-07-25,Senior Engineer
81644,Divine,Ghandeharizadeh,1965-01-05,1997-11-28,9999-01-01,Staff
81995,Sreekrishna,Brender,1965-01-10,1990-03-22,9999-01-01,Senior Engineer
82069,Yechezkel,Perfilyeva,1965-01-20,1994-11-03,9999-01-01,Engineer
82098,Poornachandra,Wilharm,1965-01-25,1991-04-20,9999-01-01,Senior Engineer
82351,Stevo,Thambidurai,1965-01-26,1989-10-27,9999-01-01,Senior Staff
82511,Uwe,Koblick,1965-01-27,1998-04-04,9999-01-01,Engineer
82919,Shigeu,Claffy,1965-01-05,1998-02-03,1998-12-19,Engineer
82928,Alselm,Rikino,1965-01-27,1990-11-16,9999-01-01,Senior Engineer
83280,Francesca,Ellozy,1965-01-07,1999-08-08,9999-01-01,Senior Engineer
83289,Shigeichiro,Engelmann,1965-01-09,1994-01-09,9999-01-01,Engineer
83509,Breannda,Collavizza,1965-01-04,1989-10-12,9999-01-01,Engineer
83544,Leaf,Baak,1965-01-18,1994-09-05,9999-01-01,Senior Staff
83714,Ohad,Kilgore,1965-01-27,2000-10-10,9999-01-01,Engineer
83805,Manohar,Harllee,1965-01-23,1987-03-11,9999-01-01,Senior Engineer
83922,Shunichi,Solovay,1965-01-10,1986-06-07,1998-11-18,Engineer
83941,Zsolt,Hagimont,1965-01-11,1996-10-08,9999-01-01,Senior Staff
84029,Babette,Eugenio,1965-01-27,1997-09-21,9999-01-01,Staff
84163,Zejun,Roisin,1965-01-11,1997-05-26,2002-01-16,Senior Staff
84179,Shuichi,Nanard,1965-01-25,1989-03-14,9999-01-01,Senior Engineer
84236,Eberhardt,Barriga,1965-01-18,1987-06-04,9999-01-01,Staff
84256,Denny,Cheshire,1965-01-25,1989-11-23,1992-08-08,Staff
84315,Kristina,Baumann,1965-01-23,1996-09-26,9999-01-01,Assistant Engineer
84451,Shiv,Aumann,1965-01-20,1998-06-14,9999-01-01,Senior Engineer
84494,Janalee,Loncour,1965-01-02,1986-04-12,1987-09-04,Staff
84508,Tommaso,Vidya,1965-01-17,1998-05-02,9999-01-01,Engineer
84840,Sverrir,Neimat,1965-01-14,1996-11-03,9999-01-01,Staff
84922,Parke,Unno,1965-01-22,1996-07-01,9999-01-01,Engineer
84942,Shin,Fujisaki,1965-01-15,1988-02-23,9999-01-01,Technique Leader
85216,Ferdinand,Rosiles,1965-01-18,1997-07-08,9999-01-01,Senior Staff
85288,Younwoo,Luders,1965-01-06,1995-03-31,1998-12-08,Engineer
85414,Chiradeep,Callaway,1965-01-14,1999-07-30,9999-01-01,Staff
85445,Yongdong,Pollock,1965-01-09,1998-03-17,9999-01-01,Staff
85702,Udi,Merks,1965-01-04,1997-08-15,9999-01-01,Engineer
85874,Pasqua,Taubman,1965-01-30,1986-06-23,9999-01-01,Senior Staff
86213,Kristine,Clemencon,1965-01-28,1990-04-22,1993-06-01,Senior Staff
86324,Maia,Berstel,1965-01-14,1988-07-17,1997-09-29,Senior Engineer
86354,Ronghao,Segond,1965-01-27,1993-09-13,9999-01-01,Senior Engineer
86422,Jaewon,Thummel,1965-02-01,1985-09-14,9999-01-01,Senior Staff
86546,Oldrich,Woycyznski,1965-01-09,1985-05-15,9999-01-01,Senior Engineer
86655,Zhenhua,Lorys,1965-01-01,1995-08-21,9999-01-01,Engineer
86672,JoAnne,Anido,1965-01-15,1995-09-15,9999-01-01,Staff
87129,Keung,Neiman,1965-01-16,1997-04-13,9999-01-01,Staff
87353,Quingbo,Coombs,1965-01-07,1999-01-17,9999-01-01,Senior Engineer
87458,Mikhail,Gimbel,1965-01-26,1993-12-22,1999-04-29,Senior Staff
87714,Khun,Janetzko,1965-01-16,1989-09-13,9999-01-01,Engineer
87729,Yongmin,Roccetti,1965-01-24,1986-12-10,9999-01-01,Staff
87783,Conor,Thorensen,1965-01-26,1988-02-24,9999-01-01,Senior Engineer
88103,Goo,Bresenham,1965-01-09,1999-01-31,9999-01-01,Senior Staff
88357,Manohar,Karcich,1965-01-05,1998-08-07,2000-08-22,Staff
88411,Lena,Cannane,1965-01-31,2000-01-28,9999-01-01,Engineer
88422,Jungsoon,Birsak,1965-01-28,1985-04-03,9999-01-01,Technique Leader
88647,Vasiliy,Ratnaker,1965-01-10,1995-08-09,9999-01-01,Engineer
88958,Vojin,Coombs,1965-01-22,1995-07-23,9999-01-01,Staff
88965,Mang,Hedayat,1965-01-20,1995-05-22,9999-01-01,Engineer
89048,Otmar,Birjandi,1965-01-24,1985-03-23,9999-01-01,Senior Engineer
89090,Tetsushi,Theuretzbacher,1965-01-26,1990-02-01,9999-01-01,Staff
89161,Conal,Yetto,1965-01-07,1991-01-12,9999-01-01,Senior Staff
89207,Along,Erol,1965-01-15,1992-10-16,9999-01-01,Senior Staff
89346,Mansur,Comyn,1965-01-13,1999-08-31,9999-01-01,Engineer
89487,Kazuhira,Seiwald,1965-01-29,1995-03-25,1999-03-24,Engineer
89590,Guther,Rothenberg,1965-01-27,1991-08-08,9999-01-01,Senior Staff
89664,Pranjal,Rossi,1965-01-20,1998-07-07,9999-01-01,Staff
89680,Aiman,Mawatari,1965-01-27,1988-05-01,9999-01-01,Engineer
89806,Xiadong,Shinomoto,1965-01-27,1997-05-24,9999-01-01,Engineer
89922,Alexius,Ibel,1965-01-26,1988-04-24,9999-01-01,Senior Engineer
89941,Arnould,Weedman,1965-01-23,1989-07-28,9999-01-01,Senior Staff
90077,Vivian,Guerreiro,1965-01-24,1991-07-08,9999-01-01,Engineer
90084,Renny,Bale,1965-01-01,1989-11-22,9999-01-01,Engineer
90116,Brigham,Luiz,1965-01-11,1990-04-10,1995-06-10,Assistant Engineer
90211,Bader,Denis,1965-01-15,1997-10-06,9999-01-01,Engineer
90292,Koichi,Assaf,1965-01-09,1990-05-26,9999-01-01,Senior Engineer
90366,Magy,Eiron,1965-01-26,1998-08-03,2002-03-03,Senior Staff
90518,Fumiko,Chepyzhov,1965-01-24,1988-01-28,9999-01-01,Senior Staff
90614,Yonghoan,Trogemann,1965-01-29,1988-09-23,9999-01-01,Assistant Engineer
90692,Rajmohan,DasSarma,1965-01-03,1985-09-14,9999-01-01,Senior Staff
91172,Kazuhisa,Melter,1965-01-19,1987-07-16,9999-01-01,Senior Staff
91182,Lucien,Schwartzburd,1965-01-04,1988-08-25,9999-01-01,Senior Engineer
91229,Yahiko,Hebden,1965-01-01,1996-10-03,9999-01-01,Senior Engineer
91256,Gunilla,Milicic,1965-01-13,1998-01-09,9999-01-01,Staff
91308,Remmert,Plumb,1965-01-23,1986-06-14,1995-12-08,Senior Engineer
91333,Lobel,Stafford,1965-01-27,1998-11-29,9999-01-01,Staff
91415,Jamaludin,Nilsson,1965-01-04,1987-01-15,9999-01-01,Senior Staff
91462,Siamak,Janocha,1965-01-11,1997-08-26,1998-03-21,Engineer
91648,Dmitry,Msuda,1965-01-29,1988-10-22,9999-01-01,Senior Staff
91934,Nikolaus,Swen,1965-01-03,2000-01-28,2002-07-03,Engineer
91973,Jianwen,Jakobus,1965-01-25,1998-08-24,2001-02-12,Senior Engineer
92438,Aria,Kilgore,1965-01-04,1992-04-11,9999-01-01,Senior Engineer
92443,Girolamo,Bellmore,1965-01-01,1996-12-04,2000-04-27,Senior Staff
92454,Visit,McFarlan,1965-01-24,1987-10-22,9999-01-01,Senior Engineer
92577,Zhanqiu,Farrow,1965-01-06,1999-01-10,9999-01-01,Assistant Engineer
92598,Ranga,Merro,1965-01-18,1996-05-11,9999-01-01,Assistant Engineer
92685,Mang,Atchley,1965-01-26,1995-06-07,9999-01-01,Senior Staff
92841,Claude,Candan,1965-01-22,1993-08-04,9999-01-01,Senior Staff
92846,Anyuan,Kropatsch,1965-01-11,1986-09-05,9999-01-01,Senior Staff
92920,Huei,Hutter,1965-01-20,1993-01-28,9999-01-01,Engineer
93040,Jaques,Kabayashi,1965-01-19,1992-03-13,9999-01-01,Senior Engineer
93220,Richara,Walston,1965-01-11,1996-08-27,9999-01-01,Senior Engineer
93278,Magdalena,Penn,1965-02-01,1997-01-04,9999-01-01,Engineer
93549,Arie,Coullard,1965-02-01,1991-04-15,2000-03-28,Senior Staff
93600,Kristina,Neimat,1965-01-13,1988-04-18,9999-01-01,Technique Leader
93794,Rimli,Werthner,1965-01-23,1994-05-27,2000-12-30,Senior Engineer
94045,Gift,Brender,1965-01-19,1996-10-31,2000-01-02,Senior Engineer
94131,Bernardo,Vasanthakumar,1965-01-29,1997-05-01,1997-07-20,Staff
94331,Ramzi,Cronau,1965-01-26,1999-09-03,9999-01-01,Technique Leader
94416,Aran,Cesareni,1965-01-01,1990-02-10,2001-11-20,Senior Staff
94442,Bilhanan,Marrakchi,1965-01-28,1998-02-03,2000-10-12,Staff
94690,Kazuyasu,Sridhar,1965-01-30,1999-12-22,2001-12-03,Staff
94761,Hitofumi,Zaccaria,1965-01-27,1988-11-22,9999-01-01,Engineer
94787,Shigenori,Stanfel,1965-01-22,1993-04-25,1999-12-11,Staff
94944,Heping,Matheson,1965-01-13,1988-06-24,9999-01-01,Engineer
95181,Yishai,Cappelli,1965-01-28,1997-01-30,9999-01-01,Staff
95286,Kristin,Guerreiro,1965-01-18,1989-08-23,9999-01-01,Engineer
95314,Rasiah,Koblick,1965-01-22,1991-08-21,9999-01-01,Senior Staff
95406,Alair,Lyonns,1965-01-08,1997-07-12,9999-01-01,Engineer
95416,Gianluca,Ramaiah,1965-01-13,1993-11-29,9999-01-01,Engineer
95509,Kristinn,Loncour,1965-01-11,1995-02-08,9999-01-01,Engineer
95692,Abdulah,Hofstetter,1965-01-20,1999-11-24,2000-05-24,Engineer
95920,Nobuyoshi,Hegner,1965-01-19,1994-09-07,9999-01-01,Staff
96100,Pranay,Rebaine,1965-01-11,1998-02-01,2000-12-31,Senior Engineer
96571,Kokou,Garrabrants,1965-01-13,1997-11-05,9999-01-01,Senior Engineer
96579,Mohan,Tasistro,1965-01-18,1996-02-10,9999-01-01,Engineer
96767,Arumugam,Vecchio,1965-01-07,1985-08-14,9999-01-01,Senior Engineer
97018,Jeanna,Chinen,1965-01-09,1989-01-01,9999-01-01,Engineer
97092,Anwar,Riexinger,1965-01-22,1991-12-31,2000-01-09,Engineer
97623,Haldon,Janetzko,1965-01-25,1990-09-11,9999-01-01,Staff
97661,Avishai,Hegner,1965-01-31,1993-05-08,9999-01-01,Staff
97697,Moie,Karunanithi,1965-01-10,1994-11-02,2000-12-15,Engineer
98288,Sumali,Huttel,1965-01-12,1989-09-12,9999-01-01,Senior Staff
98306,Ziya,Kadhim,1965-01-16,1999-06-24,9999-01-01,Senior Engineer
98514,Giao,Junot,1965-01-08,1999-07-01,2002-02-25,Staff
98639,Florina,Assaf,1965-01-29,1996-05-18,9999-01-01,Staff
99057,Shugo,Reeken,1965-01-30,1999-06-21,9999-01-01,Staff
99373,Xiaobin,Christianini,1965-01-13,1985-12-25,9999-01-01,Senior Staff
99377,Carrsten,Francisci,1965-01-18,1991-06-16,9999-01-01,Senior Engineer
99590,Dhritiman,Anily,1965-01-24,1998-12-16,9999-01-01,Staff
99654,Mahendra,Motley,1965-01-30,1985-09-28,9999-01-01,Senior Staff
100865,Hisao,Peral,1965-01-19,1990-10-03,9999-01-01,Senior Engineer
100877,Kazuhide,Harnett,1965-01-13,1995-02-02,1999-02-13,Engineer
100916,Heejo,Aamodt,1965-01-18,1992-04-22,9999-01-01,Senior Engineer
101063,Nectarios,Munos,1965-01-08,1994-08-31,1995-08-14,Senior Engineer
101487,Abdelaziz,Sury,1965-01-14,1991-01-31,9999-01-01,Senior Staff
101647,Mori,Homond,1965-01-22,1994-05-10,9999-01-01,Senior Staff
101902,Mantis,Millington,1965-01-14,1991-03-18,9999-01-01,Staff
102620,Adin,Templeman,1965-01-03,1997-12-10,1999-08-12,Engineer
103166,Waiman,Dalton,1965-01-09,1990-05-25,2002-02-09,Engineer
103172,Doowon,Highland,1965-01-05,1989-12-28,1995-11-23,Engineer
103196,Djenana,Albarhamtoshy,1965-01-16,1988-07-16,9999-01-01,Senior Staff
103310,Visit,Swen,1965-01-07,1995-10-02,9999-01-01,Staff
103316,Susanne,Peternell,1965-01-03,1994-07-27,9999-01-01,Engineer
103342,Beshir,Hellwagner,1965-01-03,1998-02-03,9999-01-01,Engineer
103756,Heping,Halloran,1965-01-31,1992-04-08,9999-01-01,Assistant Engineer
104133,Pranjal,Zyda,1965-01-31,1991-07-03,9999-01-01,Staff
104845,Werner,Lodder,1965-01-29,1992-06-17,9999-01-01,Senior Staff
104962,Zongyan,Auyong,1965-01-04,1987-11-02,1991-12-22,Engineer
104988,Parviz,Litzler,1965-01-07,1992-08-08,9999-01-01,Engineer
105191,Jaber,Kleiser,1965-01-01,1986-12-13,1987-09-22,Engineer
105342,Kwun,Reeker,1965-01-01,1999-07-29,9999-01-01,Technique Leader
105356,Diederik,Matzov,1965-01-29,1995-03-08,9999-01-01,Engineer
105432,Mohamadou,Stafford,1965-01-08,1995-09-12,9999-01-01,Senior Engineer
105520,Haldun,Lienhardt,1965-01-01,1987-01-29,9999-01-01,Senior Staff
105589,Yechiam,Egerstedt,1965-01-28,1995-12-31,1999-07-18,Engineer
105731,Sachem,Cromarty,1965-01-15,1990-08-20,9999-01-01,Engineer
105936,Vidar,Thibadeau,1965-01-23,1995-03-02,1999-09-15,Staff
106096,Naftali,Schurmann,1965-01-14,1992-12-02,9999-01-01,Senior Engineer
106242,Nevio,Thisen,1965-02-01,1988-03-25,9999-01-01,Senior Staff
106514,Otilia,Speek,1965-01-04,1988-07-30,1992-11-07,Senior Engineer
106695,Lijie,Garrabrants,1965-01-31,1985-10-02,1988-10-26,Senior Staff
106710,Babette,Anandan,1965-01-31,1986-11-22,9999-01-01,Senior Staff
106958,Horward,Begiun,1965-01-24,1985-11-06,2002-05-22,Engineer
107486,Siamak,Luiz,1965-01-23,1987-02-11,9999-01-01,Senior Engineer
107737,Fabrizio,Chleq,1965-01-23,1999-07-31,9999-01-01,Senior Engineer
107792,Shahab,Crooks,1965-01-13,1992-03-18,9999-01-01,Senior Staff
107828,Ramya,Walston,1965-01-26,1989-02-03,9999-01-01,Senior Staff
108091,Hisao,Ghemri,1965-01-09,1985-11-14,9999-01-01,Senior Staff
108198,Randi,Samarati,1965-01-24,1992-10-20,9999-01-01,Senior Staff
108316,Shai,Stellhorn,1965-01-02,1992-05-21,9999-01-01,Senior Engineer
108988,Oksana,Baek,1965-01-19,1989-07-20,9999-01-01,Senior Staff
109062,Jamaludin,Kandlur,1965-02-01,1992-06-19,9999-01-01,Senior Engineer
109211,Gor,Delgrande,1965-01-11,1995-11-07,2002-06-18,Engineer
109252,Moty,Winter,1965-01-15,1991-04-28,9999-01-01,Technique Leader
109278,Bangqing,Schach,1965-01-21,1988-03-22,9999-01-01,Senior Staff
109547,Chenye,Zizka,1965-01-04,1986-02-22,2002-04-21,Senior Staff
109552,Menkae,Etalle,1965-01-31,1997-05-21,9999-01-01,Assistant Engineer
109553,Xiaobin,DuBourdieux,1965-01-19,1985-09-16,1988-05-11,Staff
109598,Stamatina,Auyong,1965-02-01,1988-07-05,9999-01-01,Senior Staff
109611,Jamaludin,Lalonde,1965-01-08,1994-07-09,1998-08-24,Staff
109620,Mani,Cannata,1965-01-02,1989-06-21,9999-01-01,Senior Staff
109652,Huan,Perko,1965-01-25,1988-07-31,1999-03-12,Senior Staff
109703,Arco,Walston,1965-01-17,1999-08-16,9999-01-01,Engineer
109741,Hatem,Fadgyas,1965-01-11,1991-11-13,9999-01-01,Senior Engineer
109953,Godehard,Chorvat,1965-01-26,1988-04-10,9999-01-01,Senior Staff
200052,Slavian,Cincotta,1965-01-27,1992-05-30,1997-07-07,Senior Engineer
200176,Shahab,Luit,1965-01-31,1985-11-20,1997-02-05,Staff
200267,Chuanti,Luff,1965-01-08,1994-09-21,9999-01-01,Staff
200312,Akemi,Fujisaki,1965-01-27,2001-11-13,9999-01-01,Senior Engineer
200363,Kirk,Quaggetto,1965-01-10,1987-06-30,9999-01-01,Engineer
200735,Dinah,Denos,1965-01-09,1992-09-21,9999-01-01,Staff
200789,Susumu,Camurati,1965-01-14,1991-12-15,9999-01-01,Senior Staff
201180,Odinaldo,Bridgland,1965-01-15,1989-06-09,1995-06-16,Assistant Engineer
201229,Alejandra,Khasidashvili,1965-01-03,1994-07-30,9999-01-01,Staff
201708,Anneli,Perl,1965-01-15,1992-09-08,9999-01-01,Staff
201709,Fan,Kakkad,1965-01-01,1988-02-25,9999-01-01,Senior Staff
201739,Genta,Terekhov,1965-01-16,1998-07-21,9999-01-01,Assistant Engineer
201801,Waiman,Genin,1965-01-12,1988-10-30,9999-01-01,Senior Engineer
201915,Sudharsan,DeMori,1965-01-02,1992-03-30,9999-01-01,Engineer
202031,Annemarie,Peternell,1965-01-23,1994-03-13,1997-06-05,Engineer
202291,Ortrun,Schmiedel,1965-01-16,1997-07-18,9999-01-01,Engineer
202403,Gully,Perko,1965-01-09,1999-07-07,9999-01-01,Engineer
202414,Zvonko,Murthy,1965-01-13,1992-01-07,9999-01-01,Senior Staff
202552,Morris,Saoudi,1965-01-05,1991-11-22,9999-01-01,Engineer
202581,Dharmaraja,Merlo,1965-01-19,1987-06-05,1990-12-16,Staff
202826,Kerhong,Matzke,1965-01-19,1986-11-14,9999-01-01,Engineer
202882,Isaac,Koshino,1965-01-25,1995-09-28,9999-01-01,Senior Engineer
202950,Giordano,Pietrzykowski,1965-01-17,1987-03-26,9999-01-01,Senior Staff
203474,Hugh,Jonsson,1965-01-03,1991-07-06,9999-01-01,Senior Staff
203495,Zongyan,Gips,1965-01-02,1997-05-31,9999-01-01,Technique Leader
203599,Ewing,DiGiano,1965-01-21,2000-02-01,9999-01-01,Technique Leader
203697,Claude,Kemmerer,1965-01-27,1994-01-16,2001-05-07,Engineer
203720,Sasan,Thimonier,1965-01-30,1996-08-21,9999-01-01,Senior Staff
203946,Yefim,Marwedel,1965-01-23,1993-03-30,9999-01-01,Senior Staff
204117,Jessie,Nooteboom,1965-01-10,1999-08-13,2000-12-13,Staff
204133,Susuma,Bergere,1965-01-22,1996-02-25,9999-01-01,Senior Staff
204246,Arve,Worfolk,1965-01-09,1985-04-01,9999-01-01,Senior Staff
204425,Gretta,Huttel,1965-01-03,1990-10-08,9999-01-01,Senior Engineer
204470,Hein,Lichtner,1965-01-22,1995-04-03,1998-05-02,Senior Staff
204471,Franziska,Maginnis,1965-01-27,1986-02-17,9999-01-01,Senior Engineer
204764,Susanne,Mandelberg,1965-01-22,1990-11-02,9999-01-01,Senior Engineer
205018,Yahiko,Awdeh,1965-01-26,1998-08-05,9999-01-01,Engineer
205085,Moni,Kornyak,1965-01-23,1991-09-26,9999-01-01,Technique Leader
205174,Leszek,Spinelli,1965-01-05,1998-12-10,9999-01-01,Staff
205362,Masasuke,Makinen,1965-01-25,1992-07-02,1997-06-01,Staff
205500,Mary,Setiz,1965-01-04,1989-01-13,9999-01-01,Senior Engineer
205627,Stabislas,Broder,1965-01-21,1996-07-16,9999-01-01,Engineer
205660,Kien,Barreiro,1965-01-27,2000-10-24,9999-01-01,Staff
205699,Youjian,Yetto,1965-01-31,1994-12-07,9999-01-01,Senior Staff
205789,Limsoon,Skafidas,1965-01-31,1999-08-10,9999-01-01,Senior Staff
205863,Aiichiro,Kusalik,1965-01-06,1990-10-04,9999-01-01,Engineer
206372,Temple,Joslin,1965-01-17,1993-01-05,1995-11-14,Engineer
206748,Yucai,Fabrizio,1965-01-07,1999-10-06,9999-01-01,Staff
206836,Guadalupe,Pfau,1965-01-12,1993-03-22,9999-01-01,Staff
206865,Vasilii,Cochrane,1965-01-28,1991-09-13,2001-04-23,Senior Engineer
206966,Tzu,Sichman,1965-01-21,1987-11-17,9999-01-01,Senior Engineer
207021,Jacqueline,Akaboshi,1965-01-20,1997-12-06,9999-01-01,Engineer
207068,Zhiguo,Ariola,1965-01-13,1994-09-07,9999-01-01,Senior Staff
207204,Kellie,Schrooten,1965-01-25,1991-01-17,9999-01-01,Assistant Engineer
207401,Shuji,Barbanera,1965-01-04,1987-08-10,9999-01-01,Senior Staff
207551,Baziley,Falck,1965-01-15,1995-02-18,9999-01-01,Assistant Engineer
207779,Chinya,Kamble,1965-01-16,1992-05-31,9999-01-01,Senior Staff
207980,Remko,Vieth,1965-01-07,1990-11-22,9999-01-01,Senior Staff
208147,Manu,Rothenberg,1965-01-09,1988-12-06,9999-01-01,Senior Engineer
208330,Shen,Flanders,1965-01-11,1989-07-03,9999-01-01,Staff
208639,Larisa,Lukaszewicz,1965-01-27,1996-10-30,9999-01-01,Senior Staff
208653,Phillip,Schade,1965-01-23,1989-03-03,9999-01-01,Engineer
208784,Pranjal,Juneja,1965-01-30,1985-03-21,9999-01-01,Senior Engineer
209101,Xinyu,Edelhoff,1965-01-05,1997-10-26,9999-01-01,Senior Engineer
209443,Krassimir,Garnier,1965-01-19,1998-01-26,9999-01-01,Senior Staff
209456,Adhemar,Leonhardt,1965-01-19,1998-11-01,1999-07-27,Engineer
209565,Dante,Covnot,1965-01-09,1989-05-28,9999-01-01,Staff
209681,Tianruo,Bratten,1965-01-20,1997-10-10,1998-04-03,Senior Staff
209712,Nimmagadda,Baak,1965-01-17,1987-10-30,9999-01-01,Assistant Engineer
209945,Roded,Veevers,1965-01-27,1990-10-23,1996-01-08,Engineer
210017,Shalesh,Lovengreen,1965-01-28,1990-09-29,9999-01-01,Senior Staff
210292,Lihong,Zeilberger,1965-01-18,1996-04-28,9999-01-01,Staff
210449,Gino,Lagarias,1965-01-19,1997-06-22,9999-01-01,Engineer
210529,Adam,Besancenot,1965-01-29,1990-09-27,1995-02-04,Senior Staff
210610,Arco,Crouzet,1965-01-23,1994-09-03,2000-09-30,Engineer
210752,Saniya,Stenning,1965-01-25,1986-12-10,9999-01-01,Staff
210786,Werner,Ranze,1965-01-31,1998-06-05,9999-01-01,Staff
211569,Zhonghua,Snyers,1965-02-01,1989-04-23,1999-07-18,Senior Staff
211858,Domenico,Ratnaker,1965-01-08,1985-03-24,9999-01-01,Senior Engineer
211879,Gao,Ranze,1965-01-12,1994-11-24,9999-01-01,Engineer
211967,Anwar,Bain,1965-01-07,1989-01-22,9999-01-01,Engineer
212074,Tomokazu,Byoun,1965-01-11,1996-07-30,2002-04-08,Engineer
212093,Leni,Henders,1965-01-11,1993-11-19,9999-01-01,Senior Staff
212131,Debatosh,Rajala,1965-01-21,1994-01-19,1994-04-22,Staff
212154,Sailaja,Holburn,1965-01-17,1991-03-04,9999-01-01,Staff
212361,Claudi,Stanfel,1965-01-16,1996-01-07,9999-01-01,Engineer
212703,Kien,Bennis,1965-01-02,1993-01-06,1998-03-14,Engineer
212810,Qingxiang,Swan,1965-01-16,1990-10-04,2002-03-13,Staff
213016,Yongmao,Fontan,1965-01-22,1993-07-26,9999-01-01,Senior Engineer
213140,Tru,Danecki,1965-01-10,1997-03-31,9999-01-01,Staff
213384,Pranas,Narwekar,1965-01-04,1985-09-26,9999-01-01,Senior Engineer
213447,Armond,Perly,1965-02-01,1989-09-14,9999-01-01,Engineer
214184,Sivanarayana,Ranka,1965-01-11,1999-10-25,2001-05-03,Engineer
214215,Xiaoqiang,Cardazo,1965-01-25,1993-05-28,9999-01-01,Senior Staff
214391,Rayond,Klassen,1965-01-15,1993-09-11,9999-01-01,Staff
214427,Peer,Molberg,1965-01-29,1996-11-17,9999-01-01,Engineer
214539,Ingmar,Kohling,1965-01-27,1995-04-25,9999-01-01,Engineer
214634,Shirish,Vickson,1965-01-12,1989-10-24,9999-01-01,Engineer
214789,Arfst,Chepyzhov,1965-01-28,1989-02-06,9999-01-01,Senior Engineer
214807,Prasadram,Qiwen,1965-01-13,1992-09-04,1997-11-25,Assistant Engineer
214866,Gopalakrishnan,Angel,1965-02-01,1997-07-05,9999-01-01,Engineer
214995,Dinkar,Hoppenstand,1965-01-12,1994-05-04,9999-01-01,Engineer
215419,Flemming,Kroha,1965-01-16,1995-01-23,9999-01-01,Staff
215629,Munehiro,Manders,1965-01-15,1987-05-18,9999-01-01,Senior Staff
215746,Sven,Speer,1965-01-08,1999-07-08,9999-01-01,Staff
215843,Pramod,Loncour,1965-01-30,1987-03-31,9999-01-01,Senior Staff
216054,Sahrah,Angiulli,1965-01-24,1986-07-31,9999-01-01,Senior Staff
216062,Shuichi,Anick,1965-01-22,1985-11-24,1999-10-26,Engineer
216246,Francoise,Rullman,1965-01-21,1997-12-30,2000-01-12,Staff
216342,Aiichiro,Cromarty,1965-01-22,1995-06-10,9999-01-01,Engineer
216375,Byong,Gustavson,1965-01-16,1985-03-12,9999-01-01,Senior Engineer
216502,Xiaocheng,Suermann,1965-01-26,1997-12-15,9999-01-01,Engineer
216573,Ashish,Vidya,1965-01-29,1989-06-16,9999-01-01,Engineer
216921,Lena,Lenart,1965-01-22,1990-12-25,9999-01-01,Senior Staff
217026,Otmar,Engberts,1965-01-11,1993-08-16,9999-01-01,Senior Staff
217080,Masami,Puoti,1965-01-12,2000-01-21,9999-01-01,Senior Engineer
217272,Yuchang,Eldridge,1965-01-21,1986-08-01,9999-01-01,Staff
217286,Yannik,Spelt,1965-01-05,1992-09-22,9999-01-01,Technique Leader
217320,Abdelwaheb,Denis,1965-01-10,1993-09-10,9999-01-01,Engineer
217363,Horward,Marzano,1965-01-14,1996-04-11,9999-01-01,Staff
217387,Jianhao,Molenaar,1965-01-21,1987-10-22,9999-01-01,Senior Engineer
217551,Panayotis,Lukaszewicz,1965-01-02,1989-06-06,9999-01-01,Engineer
217800,Shay,Servieres,1965-02-01,1998-08-06,9999-01-01,Senior Staff
218022,Mokhtar,Poupard,1965-01-26,1992-02-02,9999-01-01,Technique Leader
218100,Jiong,Garnham,1965-01-24,1990-01-02,9999-01-01,Senior Staff
218299,Almudena,Genin,1965-01-09,1986-09-26,2001-11-06,Staff
218829,Eckart,Foong,1965-01-17,1989-11-26,1996-01-28,Staff
218831,Unal,DuBourdieux,1965-01-16,1996-03-13,9999-01-01,Engineer
219035,Kristine,Bierman,1965-01-18,1988-05-13,9999-01-01,Technique Leader
219047,Aemilian,Kusalik,1965-01-30,1987-05-27,9999-01-01,Engineer
219052,Marsal,Acton,1965-01-06,1995-08-02,9999-01-01,Staff
219417,Subhrajyoti,Denna,1965-01-29,1996-07-25,9999-01-01,Staff
219497,Moie,Zastre,1965-01-22,1991-10-11,9999-01-01,Technique Leader
219967,Susanna,Reeken,1965-01-16,1998-03-16,9999-01-01,Senior Staff
220029,Demos,Asser,1965-01-17,1985-11-04,9999-01-01,Senior Engineer
220131,Reinhard,Slaats,1965-01-09,1994-06-08,9999-01-01,Senior Engineer
220418,Poorav,Laventhal,1965-01-23,1997-08-16,9999-01-01,Staff
220528,Sibyl,Rabehasaina,1965-01-06,1998-02-23,9999-01-01,Senior Staff
220582,Poornachandra,Zielinski,1965-01-08,1996-02-13,9999-01-01,Staff
220611,Yuping,Babb,1965-01-23,1995-01-31,9999-01-01,Senior Staff
220625,Shigenori,Deville,1965-01-25,1992-12-24,9999-01-01,Technique Leader
220699,Nahid,Gyimothy,1965-01-07,1995-08-18,9999-01-01,Staff
220799,Perla,Orlowska,1965-01-17,1990-12-03,1998-10-13,Senior Engineer
221126,Tesuya,dAstous,1965-01-23,1988-11-29,9999-01-01,Engineer
221367,Saddek,Farris,1965-01-13,1990-11-06,9999-01-01,Senior Staff
221369,Abdulah,Pocchiola,1965-01-28,1996-08-28,9999-01-01,Engineer
221435,Djenana,Marrevee,1965-01-06,1994-02-06,9999-01-01,Senior Engineer
221699,Szabolcs,Georgatos,1965-01-15,1999-08-16,2000-02-06,Engineer
221973,Sangeeta,Kalefeld,1965-01-17,1990-06-06,9999-01-01,Senior Staff
222206,Stein,Uludag,1965-01-21,1988-01-30,9999-01-01,Senior Staff
222311,Miyeon,Billingsley,1965-01-20,1992-12-05,9999-01-01,Senior Engineer
222319,Matt,Chvatal,1965-01-20,1994-11-09,9999-01-01,Senior Engineer
222354,Valdiodio,Schlumberger,1965-01-15,1993-08-07,9999-01-01,Assistant Engineer
222616,Badri,Schapire,1965-02-01,1998-01-19,9999-01-01,Assistant Engineer
222701,Lein,Delaune,1965-01-24,1990-06-30,1991-09-14,Senior Staff
222770,Kazuhiko,Kushner,1965-01-22,1995-08-01,9999-01-01,Senior Engineer
222878,Annemarie,Zallocco,1965-01-10,1996-12-01,9999-01-01,Senior Engineer
222926,Limsoon,Erol,1965-01-10,1997-12-31,9999-01-01,Senior Engineer
222952,Gopalakrishnan,Suermann,1965-01-28,1991-04-30,9999-01-01,Engineer
222998,Leaf,Awdeh,1965-01-07,1985-02-20,1992-10-02,Senior Staff
223593,Hidefumi,Moehrke,1965-01-20,1998-03-04,9999-01-01,Staff
223595,Chiranjit,Dredge,1965-02-01,1999-09-05,9999-01-01,Technique Leader
224135,Annemarie,Bressoud,1965-01-02,1998-06-23,9999-01-01,Engineer
224335,Perry,Chachaty,1965-01-29,1985-07-22,9999-01-01,Engineer
224390,True,Shobatake,1965-01-24,1996-05-17,9999-01-01,Senior Staff
224934,George,Miake,1965-01-05,1988-01-02,9999-01-01,Senior Staff
225438,Remmert,Quaggetto,1965-01-14,1992-04-28,9999-01-01,Senior Staff
225601,Masasuke,Genin,1965-01-13,1994-06-25,9999-01-01,Assistant Engineer
225788,Ipke,Kieras,1965-01-08,1995-12-18,9999-01-01,Engineer
225867,Ramalingam,Remmele,1965-01-26,1999-09-03,9999-01-01,Senior Engineer
225964,Mooi,Cooman,1965-01-19,1989-06-07,9999-01-01,Engineer
226216,Giordano,Gini,1965-01-28,1993-08-14,9999-01-01,Technique Leader
226227,Herbert,Erva,1965-01-07,1986-09-06,9999-01-01,Senior Engineer
227354,Gio,Murtha,1965-01-12,1986-11-11,9999-01-01,Engineer
227476,Macha,Schnabel,1965-01-11,1988-05-11,9999-01-01,Engineer
227681,Mikhail,Rousseau,1965-01-30,1998-11-30,9999-01-01,Staff
227899,Garnik,Luce,1965-01-23,1998-09-15,9999-01-01,Staff
227901,Francesca,Azuma,1965-01-26,1996-06-08,9999-01-01,Senior Staff
228098,IEEE,Kroll,1965-01-18,1998-02-17,9999-01-01,Engineer
228248,Yuriy,Plump,1965-01-09,1988-09-08,9999-01-01,Senior Staff
228554,Bilhanan,Brendel,1965-01-03,1990-12-23,9999-01-01,Senior Staff
228575,Takanari,Pelc,1965-01-03,1990-08-18,1992-09-25,Engineer
228766,Nahla,Smailagic,1965-01-11,1993-02-12,9999-01-01,Senior Engineer
229098,Berry,Yurek,1965-01-08,1995-08-16,9999-01-01,Senior Staff
229207,Filipe,Erol,1965-01-30,1997-07-11,1999-08-15,Senior Engineer
229220,Fabrizio,Lichtman,1965-01-21,1987-02-09,9999-01-01,Senior Engineer
229248,Harjit,Terekhov,1965-01-27,1995-10-19,9999-01-01,Staff
229352,Kwangho,Petereit,1965-01-07,1999-08-10,2000-05-06,Engineer
229364,Dulce,Magliocco,1965-01-07,1987-02-13,1987-02-23,Staff
229386,Pohua,Tasistro,1965-01-03,1989-06-02,1994-11-04,Technique Leader
229391,Paloma,Henseler,1965-01-15,1991-06-11,9999-01-01,Senior Engineer
229404,Gilbert,Kilgour,1965-01-11,1996-04-05,9999-01-01,Staff
229547,Moni,Schach,1965-01-03,1986-07-04,9999-01-01,Senior Staff
229690,Mokhtar,Sherertz,1965-01-08,1988-06-09,1995-11-08,Staff
229727,Ewing,Millington,1965-01-23,1999-09-28,9999-01-01,Engineer
229981,Jamaludin,Fordan,1965-01-19,1992-02-06,9999-01-01,Engineer
230002,Tadahiro,Backhouse,1965-01-07,1991-10-02,9999-01-01,Senior Engineer
230126,Bezalel,Radivojevic,1965-01-31,1988-07-02,9999-01-01,Staff
230287,Renny,Alameldin,1965-01-14,1997-09-28,9999-01-01,Assistant Engineer
230354,Yinghua,Lorho,1965-01-31,1991-08-09,9999-01-01,Senior Staff
230498,Kolar,Puppo,1965-01-15,1990-04-25,9999-01-01,Engineer
230579,Shahar,Negoita,1965-01-17,1994-03-19,9999-01-01,Senior Staff
230689,Dietrich,Crabtree,1965-01-14,1986-05-24,9999-01-01,Senior Staff
230821,Toshiki,Raney,1965-01-20,1997-07-03,2000-03-21,Staff
230865,Takushi,Brattka,1965-01-02,1999-06-03,9999-01-01,Staff
231043,Torsten,Slobodova,1965-01-01,1992-07-20,2000-04-01,Assistant Engineer
231069,Trygve,Siksek,1965-01-22,1995-11-09,9999-01-01,Staff
231459,Nectarios,Pramanik,1965-01-28,1999-11-18,9999-01-01,Assistant Engineer
231671,Chandrasekaran,Pearson,1965-01-07,1995-04-14,9999-01-01,Staff
231798,Goetz,Alvarado,1965-01-28,1988-12-25,9999-01-01,Engineer
232178,Etsuo,Anandan,1965-01-29,1989-12-13,9999-01-01,Staff
232209,Nitsan,Rouquie,1965-01-11,1988-08-01,9999-01-01,Engineer
232458,Nikolaus,Yetto,1965-01-04,1990-09-22,1992-08-22,Staff
232496,Peternela,Klerer,1965-01-31,1986-06-06,1994-06-08,Staff
232697,Barry,Ramsak,1965-01-23,1990-09-07,9999-01-01,Engineer
232723,Tesuya,Bugrara,1965-01-14,1993-02-13,9999-01-01,Assistant Engineer
233114,Alselm,Gargeya,1965-01-20,1987-12-25,9999-01-01,Senior Engineer
233247,Murthy,Angiulli,1965-01-18,1986-08-02,1998-07-21,Engineer
233394,Khalid,Lenart,1965-01-06,1995-12-24,9999-01-01,Engineer
233397,Fay,Sundgren,1965-01-16,1990-07-07,9999-01-01,Staff
233426,Etsuo,Usery,1965-01-12,1995-03-02,9999-01-01,Engineer
233533,Seongbae,Sluis,1965-01-10,1988-09-22,1997-06-10,Senior Staff
233690,Cedric,Riefers,1965-01-17,1994-09-08,9999-01-01,Engineer
233759,Zissis,Lodder,1965-01-14,1999-09-25,2000-05-27,Engineer
233765,Kotesh,Chachaty,1965-01-20,1991-03-25,9999-01-01,Engineer
233785,Baziley,Ballarin,1965-01-30,1987-07-28,9999-01-01,Staff
233818,Kellie,Heydon,1965-01-01,1985-11-11,9999-01-01,Engineer
234195,Luerbio,Terkki,1965-01-07,1991-05-14,9999-01-01,Senior Staff
234278,Tzu,Impagliazzo,1965-01-20,1990-11-14,1993-12-05,Staff
234739,Foong,Aamodt,1965-01-31,1986-06-28,9999-01-01,Senior Engineer
235017,Irena,Dratva,1965-01-17,1991-09-07,9999-01-01,Staff
235096,Sverrir,Gyimothy,1965-01-21,1987-03-21,1995-07-30,Senior Staff
235269,Keiichiro,Feldmann,1965-01-31,1997-12-20,1998-12-30,Staff
235325,Gro,Prochazka,1965-01-06,1992-10-16,9999-01-01,Engineer
235368,Anneli,Joslin,1965-01-09,1987-04-12,9999-01-01,Senior Engineer
235458,Gio,Heuser,1965-01-05,1992-06-28,9999-01-01,Senior Staff
235546,Tianruo,Speer,1965-01-17,1985-10-30,1989-03-26,Staff
235729,Henk,Anger,1965-02-01,1993-01-19,9999-01-01,Senior Staff
235780,Sampalli,Bergere,1965-01-17,1994-04-08,9999-01-01,Senior Engineer
235793,Jayesh,Spinelli,1965-01-03,1992-07-18,1999-01-16,Senior Engineer
236315,IEEE,Raczkowsky,1965-01-31,1996-07-24,9999-01-01,Technique Leader
236559,Berna,Nanard,1965-01-20,1989-08-20,1991-03-18,Senior Engineer
236566,Yechezkel,Maginnis,1965-01-17,1992-12-11,9999-01-01,Senior Staff
236591,Insup,Reinhard,1965-01-11,1985-04-08,9999-01-01,Senior Staff
236827,Almudena,Rijckaert,1965-01-28,1994-02-16,9999-01-01,Senior Engineer
236883,Huan,Olivero,1965-01-27,1999-11-19,9999-01-01,Staff
236964,Adel,Foote,1965-01-17,2000-03-20,9999-01-01,Staff
237289,Brendon,Fritzsche,1965-01-24,1998-01-19,1999-12-18,Staff
237400,Guadalupe,Perri,1965-01-24,1996-06-27,1999-08-21,Technique Leader
237590,Annemarie,Irland,1965-01-25,1991-07-30,1996-09-04,Staff
238112,Miomir,Frezza,1965-01-12,1991-05-25,9999-01-01,Technique Leader
238252,Uno,Suppi,1965-01-09,1996-12-27,9999-01-01,Staff
238422,Vishv,Angelov,1965-01-10,1988-03-08,9999-01-01,Senior Staff
238949,Minghong,Cronin,1965-01-09,1987-10-04,9999-01-01,Senior Staff
239067,Tadahiko,Pocchiola,1965-01-11,1996-04-02,9999-01-01,Staff
239244,Abdulla,Kitai,1965-01-13,1987-02-20,9999-01-01,Senior Staff
239415,Susumu,Brender,1965-01-01,1993-04-17,9999-01-01,Senior Engineer
239426,Vesna,Fairtlough,1965-01-08,1994-08-09,2002-05-07,Engineer
239581,Guangming,Marquardt,1965-01-18,1997-06-06,2001-03-21,Staff
239664,Sugwoo,Michaels,1965-01-04,1992-08-02,9999-01-01,Engineer
239706,Arunas,Bugrara,1965-01-15,1997-04-03,9999-01-01,Assistant Engineer
239748,Bilhanan,Dusink,1965-01-23,1988-06-04,9999-01-01,Senior Staff
239803,Oscal,Ernst,1965-01-30,1992-05-19,9999-01-01,Senior Staff
240011,Heather,Luef,1965-01-27,1989-02-24,1992-07-14,Technique Leader
240132,Mizuhito,Kobara,1965-02-01,1996-08-09,9999-01-01,Senior Staff
240236,True,Tischendorf,1965-01-24,1986-01-19,9999-01-01,Senior Engineer
240253,Shrikanth,Ramaiah,1965-01-16,1995-05-12,2000-10-15,Engineer
240285,Kolar,Greenaway,1965-01-23,1998-11-14,9999-01-01,Staff
240340,Mack,Staylopatis,1965-01-14,1985-04-02,9999-01-01,Engineer
240438,Temple,Cyre,1965-01-02,1992-09-30,9999-01-01,Senior Staff
240870,Francesca,Chorvat,1965-01-06,1985-03-03,1992-03-17,Senior Staff
241100,Cedric,Molenaar,1965-01-23,1990-10-06,9999-01-01,Senior Engineer
241254,Jagoda,Anguita,1965-01-15,1993-05-11,9999-01-01,Senior Engineer
241292,Uri,Lampe,1965-01-29,2001-12-11,9999-01-01,Staff
241567,Emran,Miara,1965-01-18,1989-05-02,9999-01-01,Engineer
241667,Atilio,Olivero,1965-01-28,1985-09-04,9999-01-01,Engineer
241728,Limsoon,Boudaillier,1965-01-30,1995-08-12,1999-08-08,Senior Engineer
241872,Bluma,Fetvedt,1965-01-11,2001-11-14,9999-01-01,Senior Staff
241917,Wuxu,Poupard,1965-02-01,1994-02-15,1995-09-25,Staff
241952,Maya,Anandan,1965-01-20,1996-06-28,1997-11-07,Staff
242019,Herb,Murrill,1965-01-09,2001-10-28,9999-01-01,Senior Engineer
242081,Tomokazu,Pargas,1965-01-12,1996-11-15,9999-01-01,Assistant Engineer
242104,Richara,Sudkamp,1965-01-05,1989-09-05,9999-01-01,Staff
242237,Hidde,Papsdorf,1965-01-21,1998-11-07,1998-11-23,Senior Staff
242314,Miyeon,Burnard,1965-01-11,1985-02-07,1985-12-13,Engineer
242500,Bingning,Iisaku,1965-01-08,1989-06-26,9999-01-01,Staff
242611,Frazer,Flanders,1965-01-18,1995-08-25,2000-09-25,Engineer
242800,Kazuyasu,Levergood,1965-01-11,1996-02-10,9999-01-01,Engineer
242867,Paddy,Nittel,1965-01-04,1999-11-10,2000-04-14,Engineer
243018,Bowen,Deverell,1965-01-02,1998-12-27,9999-01-01,Senior Staff
243077,Kazunori,Perz,1965-02-01,1999-02-25,9999-01-01,Senior Engineer
243576,Abdulah,Lodder,1965-01-04,1996-11-10,9999-01-01,Senior Staff
243637,Marjo,Delgrange,1965-01-16,1990-06-24,9999-01-01,Senior Staff
243898,Arch,Basawa,1965-01-09,1998-05-10,9999-01-01,Staff
244308,Mokhtar,Rebaine,1965-01-10,1991-07-23,9999-01-01,Senior Staff
244605,Masoud,Suwa,1965-01-22,1989-11-25,1998-10-10,Senior Staff
244624,Boaz,Seuren,1965-01-31,1987-03-27,9999-01-01,Senior Staff
244711,Rosli,Butner,1965-01-25,1991-03-20,9999-01-01,Assistant Engineer
244714,Poorav,Clouatre,1965-01-27,1996-05-06,9999-01-01,Senior Engineer
244820,Shigenori,Hertweck,1965-01-15,1987-04-13,9999-01-01,Senior Engineer
244873,Arunachalam,Oppitz,1965-01-04,1986-05-20,9999-01-01,Senior Staff
245164,Filipp,Winter,1965-01-23,1996-10-24,9999-01-01,Senior Engineer
245396,Gift,Bottner,1965-01-31,1995-03-04,9999-01-01,Senior Staff
245664,Manohar,Kilgore,1965-01-18,1998-11-17,9999-01-01,Staff
246146,Zhongwei,Melski,1965-01-30,1987-09-04,9999-01-01,Senior Engineer
246244,George,Casperson,1965-01-09,2000-01-20,9999-01-01,Staff
246364,Alper,Tiemann,1965-01-06,1998-10-29,9999-01-01,Engineer
246764,Shuzo,Czaja,1965-01-04,1997-11-29,9999-01-01,Staff
246798,Tianruo,Strooper,1965-01-09,2001-12-07,9999-01-01,Staff
246902,Shih,Shanbhogue,1965-01-27,1998-04-19,9999-01-01,Staff
247089,Seongbae,Schahn,1965-01-17,1992-12-10,9999-01-01,Senior Staff
247122,Xiaobin,Narlikar,1965-01-23,1992-02-14,9999-01-01,Staff
247447,Tzu,Bakhtari,1965-01-28,1994-03-18,9999-01-01,Engineer
247456,Masako,Bahk,1965-01-16,1997-07-31,9999-01-01,Engineer
247612,Chiranjit,Constantine,1965-01-04,1997-05-25,9999-01-01,Engineer
247875,Xiong,Anick,1965-01-02,1991-04-23,9999-01-01,Senior Staff
247888,Abdelghani,Lagarias,1965-01-15,1985-09-06,9999-01-01,Engineer
248094,Valeska,Lupu,1965-01-31,1998-09-21,2002-04-06,Staff
248256,Sajjan,Falby,1965-01-05,1996-08-29,9999-01-01,Staff
248351,Jaana,Milicia,1965-02-01,1985-06-02,9999-01-01,Senior Staff
248758,Snehasis,Muhlberg,1965-02-01,1994-12-25,9999-01-01,Staff
248953,Percy,Sudbeck,1965-01-29,1996-08-29,9999-01-01,Assistant Engineer
249239,Hideyuki,Decleir,1965-01-21,1994-05-04,9999-01-01,Senior Engineer
249325,Ute,Pokrovskii,1965-01-26,1997-06-09,9999-01-01,Staff
249433,Ayonca,Matzov,1965-01-16,1988-06-03,9999-01-01,Senior Engineer
249451,Gopalakrishnan,Pehl,1965-01-06,1995-03-15,2001-06-10,Engineer
249504,Dmitry,Velardi,1965-01-07,1995-10-20,9999-01-01,Senior Engineer
249780,Nechama,Gaughan,1965-01-12,1986-01-16,1993-07-09,Assistant Engineer
249799,Jolita,Neimat,1965-01-04,1993-12-27,9999-01-01,Engineer
249866,Steen,Gubsky,1965-01-15,1989-01-14,9999-01-01,Senior Staff
249969,Georgi,Luiz,1965-01-21,1991-06-10,9999-01-01,Senior Engineer
250411,Ranga,Sommen,1965-01-27,1989-01-20,9999-01-01,Senior Staff
250452,Alexius,Plavsic,1965-01-14,2000-01-17,9999-01-01,Senior Engineer
250748,Kish,Turnbull,1965-01-27,1987-02-10,9999-01-01,Engineer
251166,Hinrich,Hooghiemstra,1965-01-22,1985-10-05,9999-01-01,Senior Staff
251233,Yucel,Bernini,1965-01-07,1993-02-19,9999-01-01,Engineer
251301,Pintsang,Impagliazzo,1965-01-30,1989-05-06,9999-01-01,Senior Staff
251341,Divier,Kumaresan,1965-01-11,1992-12-05,9999-01-01,Staff
251403,Utpal,DuBourdieux,1965-01-01,1997-11-19,9999-01-01,Technique Leader
251437,Shichao,Iwayama,1965-01-20,1989-10-17,9999-01-01,Assistant Engineer
251645,Bezalel,Tsunoo,1965-01-06,1992-06-17,9999-01-01,Senior Staff
251680,Moty,Sommen,1965-01-05,1990-08-14,9999-01-01,Senior Engineer
251814,Mitsuyuki,Zockler,1965-01-01,1998-09-14,9999-01-01,Technique Leader
252185,Chaosheng,Conta,1965-01-01,1997-04-14,9999-01-01,Assistant Engineer
252241,Zito,Alvarado,1965-01-15,1986-07-07,2000-09-18,Senior Staff
252316,Gill,Niizuma,1965-01-07,1994-10-08,9999-01-01,Engineer
252318,Keung,Simmel,1965-01-30,1995-11-17,2002-06-24,Technique Leader
252392,Sanjeeva,Peron,1965-01-01,1993-12-26,9999-01-01,Engineer
252592,Sachem,McDermid,1965-01-12,1987-04-30,1987-12-02,Senior Engineer
253029,Thodoros,Thimonier,1965-01-13,1995-04-05,9999-01-01,Engineer
253707,Insup,Hainaut,1965-01-05,1998-02-11,9999-01-01,Staff
253838,Stafford,Terlouw,1965-01-28,1999-02-21,9999-01-01,Assistant Engineer
253893,Huiqun,Trystram,1965-01-04,1993-05-10,9999-01-01,Senior Engineer
254044,Gunilla,Brendel,1965-01-16,1992-04-10,9999-01-01,Senior Engineer
254399,Armond,Lores,1965-01-24,1999-09-16,9999-01-01,Technique Leader
254591,Mamdouh,Lodder,1965-01-08,1986-03-23,1991-12-09,Staff
254787,Mohan,Chepyzhov,1965-01-03,1995-04-06,1996-05-26,Senior Engineer
254821,Tonny,Couchot,1965-01-24,1994-12-12,9999-01-01,Staff
254916,Serenella,Couchot,1965-01-31,2001-01-25,2001-04-13,Senior Staff
255466,Huan,Roccetti,1965-01-18,1985-07-03,9999-01-01,Senior Engineer
255657,Oldrich,Cyre,1965-01-20,1985-02-10,9999-01-01,Engineer
255779,Heejo,Merle,1965-01-31,1997-09-04,9999-01-01,Technique Leader
256078,Duke,Picaronny,1965-01-20,1995-03-23,1995-04-05,Staff
256216,Halsur,Brodal,1965-01-01,1997-11-22,9999-01-01,Engineer
256837,Bezalel,Jording,1965-01-10,1991-01-16,1998-11-19,Staff
256856,Hongzue,Barbanera,1965-01-03,1987-06-17,9999-01-01,Senior Staff
256881,Ioana,Jakobus,1965-01-03,1990-08-10,9999-01-01,Senior Engineer
256888,Heather,Pehl,1965-01-03,1993-09-15,9999-01-01,Staff
257062,Stabislas,Pardalos,1965-01-24,1989-06-21,9999-01-01,Senior Engineer
257378,Pascal,Bernatsky,1965-01-06,1988-09-03,9999-01-01,Staff
257469,Anyuan,Hanratty,1965-01-22,1988-01-06,9999-01-01,Senior Staff
257484,Shaowei,Nicolson,1965-01-01,1986-12-07,9999-01-01,Senior Staff
257624,Adhemar,Dalphin,1965-01-16,1990-06-02,2000-08-26,Staff
257799,Sushant,Riefers,1965-01-26,1987-12-05,1998-01-08,Senior Engineer
258028,Mountaz,Reinhart,1965-01-07,2000-01-21,2001-07-03,Engineer
258124,Mariusz,Zolotykh,1965-01-17,1990-07-28,9999-01-01,Senior Staff
258363,Tayeb,Veevers,1965-01-17,1986-10-10,1991-05-24,Staff
258376,Jaber,Falco,1965-01-05,1995-10-01,1995-10-11,Engineer
258470,Weiwu,Butner,1965-01-04,1995-02-14,9999-01-01,Staff
258643,Przemyslawa,Esposito,1965-01-11,1992-02-27,9999-01-01,Engineer
259042,Xiaoqiang,Farrow,1965-01-12,1997-01-01,9999-01-01,Staff
259237,Palash,Gammage,1965-01-27,1987-10-23,9999-01-01,Senior Staff
259273,Xiahua,Gomatam,1965-01-22,1989-12-01,9999-01-01,Senior Engineer
259611,Shuichi,Marrakchi,1965-01-27,1990-08-21,9999-01-01,Senior Staff
259619,Conal,Magliocco,1965-01-21,1992-05-09,9999-01-01,Senior Staff
259718,Stepehn,Bouloucos,1965-01-24,1993-12-13,9999-01-01,Senior Staff
260083,Kwok,Journel,1965-01-16,1997-12-22,1999-02-27,Staff
260153,Mingdong,Baar,1965-01-28,1991-10-14,9999-01-01,Technique Leader
260249,Vugranam,Beausoleil,1965-01-22,1998-05-14,9999-01-01,Staff
260361,Reinhold,Rahier,1965-01-25,1995-06-06,1997-10-09,Engineer
260399,Hatem,Birsak,1965-01-30,1989-04-10,9999-01-01,Senior Staff
260408,Sasan,Brookner,1965-01-19,1996-09-03,9999-01-01,Staff
260501,Dzung,Pargas,1965-01-14,1990-05-17,9999-01-01,Technique Leader
260545,Fei,Rebaine,1965-01-29,1995-05-05,1999-04-19,Senior Engineer
261184,Masako,Kornatzky,1965-01-30,1987-08-29,9999-01-01,Senior Engineer
261631,Jianhua,Huttel,1965-01-08,1998-02-23,9999-01-01,Engineer
261662,Berni,Assaf,1965-01-11,1989-09-08,9999-01-01,Senior Staff
261737,Mark,Lindqvist,1965-01-23,1990-11-22,9999-01-01,Engineer
261986,Gila,Ramsak,1965-01-21,1997-05-13,9999-01-01,Senior Engineer
261990,Volkmar,Czaja,1965-01-16,1992-04-01,9999-01-01,Senior Staff
262154,Wonhee,Vrecion,1965-01-16,1986-03-14,1996-08-28,Senior Engineer
262208,Mrinalini,Holburn,1965-01-16,1987-05-23,9999-01-01,Senior Staff
262210,Chinho,Bottner,1965-01-22,1985-07-29,9999-01-01,Engineer
262328,Mayuko,Vural,1965-01-03,1997-12-24,9999-01-01,Staff
262439,Lorien,Lagarias,1965-01-30,1985-10-10,9999-01-01,Senior Staff
262440,Subbu,Kaiserswerth,1965-01-07,1992-06-15,1999-03-08,Assistant Engineer
262548,Jixiang,Loncour,1965-01-05,1994-03-16,2001-02-20,Engineer
262636,Tamiya,Reutenauer,1965-01-04,1992-04-10,9999-01-01,Senior Engineer
262741,Izaskun,Moffat,1965-01-19,1987-04-30,2001-08-14,Staff
262752,Pramod,Bierman,1965-01-04,1997-12-12,9999-01-01,Engineer
262861,Kayoko,Attimonelli,1965-01-16,1992-10-14,1999-01-20,Staff
262928,Piyush,Gill,1965-01-01,1995-02-20,9999-01-01,Senior Engineer
263012,Hideo,Buchter,1965-01-09,1999-05-01,9999-01-01,Staff
263186,Danny,Lowrie,1965-01-22,1995-09-13,9999-01-01,Technique Leader
263325,Dinkar,Sinicrope,1965-01-19,1985-07-12,1985-07-14,Staff
263370,Shakhar,Ranze,1965-01-03,1999-05-29,9999-01-01,Staff
263439,Atreye,Kabayashi,1965-01-09,1986-12-15,9999-01-01,Senior Engineer
263645,Mingsen,Lally,1965-01-19,1990-12-04,9999-01-01,Senior Engineer
263649,Mechthild,Zongker,1965-01-17,1993-07-26,9999-01-01,Senior Staff
263721,Abdulah,Horswill,1965-01-03,1999-06-12,2000-11-14,Engineer
263926,Fusako,Schwartzbauer,1965-01-03,1985-04-07,9999-01-01,Senior Staff
264001,Khalil,Mapelli,1965-01-16,1990-01-15,1992-04-06,Senior Engineer
264030,Zdislav,Solares,1965-01-15,1990-12-14,9999-01-01,Assistant Engineer
264167,Baoqiu,Tomescu,1965-01-25,1996-05-01,9999-01-01,Senior Engineer
264322,Leandro,Swist,1965-01-03,1991-01-06,9999-01-01,Senior Staff
264626,Noritoshi,Bakhtari,1965-01-13,1993-02-03,9999-01-01,Senior Staff
264715,Siddarth,Luke,1965-01-04,1993-10-06,1994-07-06,Staff
264939,Bogdan,Bahi,1965-01-10,1999-02-13,9999-01-01,Engineer
265039,Navid,Staudhammer,1965-01-03,1992-10-18,9999-01-01,Senior Staff
265521,Kensei,Salverda,1965-01-04,1993-05-25,9999-01-01,Engineer
265558,Susuma,Kleiser,1965-01-31,1987-08-02,9999-01-01,Senior Staff
265794,Miquel,Halloran,1965-01-15,1994-01-14,9999-01-01,Senior Staff
265875,Fan,Marsiglia,1965-01-20,1989-09-03,9999-01-01,Engineer
266206,Zsolt,Anily,1965-02-01,1985-08-19,9999-01-01,Senior Staff
266249,Sumant,Nishimukai,1965-01-15,1991-03-28,9999-01-01,Senior Staff
266310,Zvonko,Serdy,1965-01-23,1987-06-24,9999-01-01,Staff
266644,Anwar,Gubsky,1965-01-08,1993-08-09,9999-01-01,Senior Staff
266689,Parke,Serna,1965-01-24,1985-03-29,1999-09-23,Senior Engineer
266862,Mart,Plumb,1965-01-10,1986-04-21,9999-01-01,Senior Staff
266881,Mokhtar,Sabnani,1965-01-11,1997-02-04,9999-01-01,Senior Staff
266981,Toshimi,Kragelund,1965-01-26,1988-02-21,1994-07-05,Engineer
267059,Moie,Tempesti,1965-01-09,1991-06-29,9999-01-01,Staff
267227,Susuma,Tagansky,1965-01-10,1995-01-22,9999-01-01,Engineer
267304,Jordanka,Axelband,1965-01-06,1994-06-27,9999-01-01,Senior Staff
267504,Mayuri,Flowers,1965-01-02,1997-05-12,2000-11-07,Staff
267667,Irena,Kaiserswerth,1965-01-05,1987-09-05,9999-01-01,Senior Staff
267745,Wojceich,Honglei,1965-01-25,1991-12-28,2000-05-01,Senior Engineer
268043,Narain,Mikschl,1965-01-28,1997-11-02,9999-01-01,Engineer
268191,LiMin,Teitelbaum,1965-01-07,1990-11-01,9999-01-01,Engineer
268890,Somnath,Uhrik,1965-01-04,1988-01-14,1994-12-09,Engineer
269186,Vitali,Dayang,1965-01-23,1988-09-21,1992-10-21,Technique Leader
269568,Rimli,Walston,1965-01-28,1996-01-28,1999-08-10,Staff
269728,Naftali,Kragelund,1965-01-12,1987-05-16,9999-01-01,Senior Staff
270084,Ulises,Frolund,1965-01-11,1986-07-26,9999-01-01,Senior Staff
270716,Shunichi,Baer,1965-01-19,1998-02-04,9999-01-01,Staff
270792,Domenico,Wendorf,1965-02-01,1988-09-08,1990-09-10,Engineer
270794,Dannz,Zhang,1965-02-01,1991-06-26,9999-01-01,Senior Staff
270821,Hatem,Bierbaum,1965-01-21,1999-09-07,2000-03-26,Staff
271106,Taisook,Kampfer,1965-01-10,1997-11-30,9999-01-01,Engineer
271118,Somnath,Nitsche,1965-01-10,1987-08-15,1999-10-10,Assistant Engineer
271219,Odoardo,Tyugu,1965-01-16,1994-11-07,9999-01-01,Engineer
271975,Yuchang,Busillo,1965-01-14,1986-03-30,1989-11-14,Engineer
272141,Tsutomu,Neiman,1965-01-13,1986-05-05,1996-07-31,Senior Staff
272285,Gully,Mitchem,1965-01-19,1986-01-22,9999-01-01,Staff
272316,Surveyors,Muhling,1965-01-05,1999-07-19,9999-01-01,Engineer
272452,Mitsuyuki,Isard,1965-01-10,1996-08-17,2002-02-27,Engineer
272599,Holgard,Hegner,1965-01-16,1993-07-15,9999-01-01,Staff
272860,Minghong,Candan,1965-02-01,1994-02-10,9999-01-01,Assistant Engineer
273159,Divine,Hofmeyr,1965-01-26,1989-04-14,9999-01-01,Technique Leader
273274,Yolla,Kobara,1965-01-08,1995-12-29,1997-04-16,Engineer
273286,Brigham,Asmuth,1965-01-26,1989-01-23,9999-01-01,Engineer
273396,Wayne,Baba,1965-01-10,1998-03-07,9999-01-01,Engineer
273806,Hongzhu,Beetstra,1965-01-01,1991-01-24,1997-08-18,Staff
273858,Gunilla,Matzen,1965-01-13,1990-12-28,9999-01-01,Staff
274071,Mingsen,Weiland,1965-01-01,1995-10-12,9999-01-01,Staff
274271,Prodip,Ritcey,1965-01-10,1986-09-10,9999-01-01,Senior Staff
274369,Ranga,Waymire,1965-01-29,1997-01-27,9999-01-01,Senior Staff
274813,Yefim,Pettey,1965-01-10,1993-08-07,9999-01-01,Senior Staff
275158,Satyanarayana,Brandsma,1965-01-07,1999-12-08,9999-01-01,Engineer
275263,Vojin,Laventhal,1965-01-21,1991-10-18,9999-01-01,Engineer
275444,Limsoon,Leppanen,1965-01-16,1993-01-21,9999-01-01,Engineer
275495,Shen,Yamaashi,1965-01-13,1995-02-19,9999-01-01,Staff
275801,Ayakannu,Heinisuo,1965-01-22,1986-06-28,9999-01-01,Senior Staff
275881,Jiann,Munro,1965-01-08,1988-05-18,9999-01-01,Senior Engineer
275994,Uma,Prampolini,1965-01-29,1991-02-21,9999-01-01,Engineer
276027,Holgard,Stavenow,1965-01-04,1986-02-28,9999-01-01,Senior Staff
276184,Mari,Swick,1965-01-10,1991-04-08,9999-01-01,Senior Staff
276186,Sajjad,Vecchi,1965-01-30,1993-06-02,9999-01-01,Senior Staff
276189,Isaac,Klerer,1965-01-10,1995-03-19,9999-01-01,Staff
276445,Atilio,Randi,1965-01-27,1988-07-02,9999-01-01,Engineer
276472,Hideyuki,Flanders,1965-01-27,1988-11-10,9999-01-01,Engineer
276563,Gift,Solares,1965-01-01,1995-08-01,9999-01-01,Senior Staff
276868,Alois,Sanella,1965-01-19,1998-03-13,9999-01-01,Staff
276922,Yongmin,Sidje,1965-01-18,1998-06-09,2001-10-31,Engineer
277316,Vitali,Rothenberg,1965-01-03,1989-10-04,9999-01-01,Senior Staff
277362,Uzi,Kugler,1965-01-09,1991-01-12,9999-01-01,Senior Staff
277420,Rayond,Schach,1965-01-16,1995-04-22,9999-01-01,Engineer
277777,Herbert,Itzigehl,1965-01-27,1990-07-04,9999-01-01,Senior Engineer
277829,Michaela,Fandrianto,1965-01-22,1986-06-02,9999-01-01,Senior Engineer
277926,Shaunak,Solovay,1965-01-13,1992-12-26,1994-01-13,Senior Staff
278239,Boaz,Bottner,1965-01-19,1994-02-06,9999-01-01,Staff
278386,Caolyn,Poujol,1965-01-15,1995-12-03,9999-01-01,Technique Leader
278452,Sudhanshu,Toyoshima,1965-01-07,1987-08-29,9999-01-01,Senior Staff
278484,Koldo,Peternell,1965-01-25,1992-11-05,1993-04-06,Staff
278536,Munenori,Shobatake,1965-01-14,1992-01-10,9999-01-01,Senior Staff
278549,Jaana,Werthner,1965-01-02,1989-07-27,9999-01-01,Staff
278883,Hidefumi,Saoudi,1965-01-22,1990-09-15,1996-05-18,Engineer
278953,Jeanna,Ghandeharizadeh,1965-01-26,1990-08-11,9999-01-01,Senior Engineer
279115,Maren,DuCasse,1965-01-05,1997-11-29,9999-01-01,Engineer
279280,Niranjan,Debuse,1965-01-09,1992-09-21,9999-01-01,Engineer
279384,Hugo,Comte,1965-01-24,1992-06-30,1993-12-05,Senior Staff
279791,Chiranjit,Lyonns,1965-01-10,1986-12-24,9999-01-01,Assistant Engineer
280029,Vasilii,Verhaegen,1965-01-07,1991-03-25,1991-04-24,Staff
280070,Niteen,Ebeling,1965-01-24,1988-03-29,9999-01-01,Senior Staff
280291,Lenore,Badache,1965-01-26,1998-11-24,9999-01-01,Staff
280411,Hironoby,Farrar,1965-01-18,1987-11-03,1996-11-12,Technique Leader
280420,Jahangir,Hofting,1965-01-31,1986-09-28,9999-01-01,Senior Staff
280525,Kish,Herbst,1965-01-13,1996-08-18,9999-01-01,Staff
280648,Heeju,Lorys,1965-01-04,1986-12-27,9999-01-01,Senior Engineer
280836,Ipke,Farrar,1965-01-16,1991-03-04,1999-12-03,Senior Engineer
281180,Phillip,Fontet,1965-01-11,1991-09-03,1998-02-07,Staff
281570,Zijian,Covnot,1965-01-08,1994-09-13,9999-01-01,Assistant Engineer
281692,Khosrow,Sommen,1965-01-06,1990-03-03,9999-01-01,Senior Engineer
281834,Fumitake,Marchegay,1965-01-16,1991-09-29,1997-06-12,Assistant Engineer
281848,Parke,Staylopatis,1965-01-29,1993-07-31,9999-01-01,Engineer
281859,Masanao,Papastamatiou,1965-01-17,1985-11-25,9999-01-01,Senior Engineer
282000,Hideo,Ratnakar,1965-01-06,1985-06-13,1998-03-20,Senior Engineer
282191,Alper,Shinomoto,1965-01-16,1997-10-20,9999-01-01,Engineer
282333,Nahla,Serdy,1965-01-25,1993-09-09,9999-01-01,Staff
282343,Xinglin,Haldar,1965-01-13,1988-07-20,9999-01-01,Senior Staff
282547,Nahum,Codenie,1965-01-18,1999-06-14,9999-01-01,Engineer
282585,Zijian,Lammel,1965-01-03,1996-07-01,9999-01-01,Staff
282699,Candida,Felcyn,1965-01-28,1986-08-04,2002-05-25,Engineer
282862,Chenxi,Pusterhofer,1965-01-30,1996-06-02,2000-07-12,Staff
282894,Fay,Bellmore,1965-01-05,1989-05-03,9999-01-01,Engineer
283041,Nathalie,Foote,1965-01-04,1991-07-20,1992-06-20,Senior Engineer
283138,Cullen,Mikschl,1965-01-19,1990-01-16,1990-03-11,Senior Staff
283168,Sanjai,Kopetz,1965-01-15,1999-04-19,1999-05-21,Assistant Engineer
284045,Fun,Seiwald,1965-02-01,1994-06-24,2000-02-15,Engineer
284300,Ishfaq,Mahmud,1965-01-22,1991-11-29,9999-01-01,Senior Staff
284431,Pintsang,Fujisawa,1965-01-25,1996-04-16,9999-01-01,Staff
284561,Duri,Beznosov,1965-01-03,1988-02-15,9999-01-01,Senior Engineer
284687,Oksana,Redmiles,1965-01-15,1985-06-22,9999-01-01,Engineer
284691,Theron,Ressouche,1965-01-04,1988-08-17,9999-01-01,Engineer
284711,Martijn,Azevdeo,1965-01-21,1988-02-10,9999-01-01,Senior Engineer
284717,Gal,Ranta,1965-01-11,1992-11-07,9999-01-01,Engineer
284856,Moto,Kobara,1965-01-05,1991-12-12,9999-01-01,Senior Engineer
284954,Anneke,Hammerschmidt,1965-01-16,1996-01-30,9999-01-01,Engineer
285149,Nahum,Schahn,1965-01-20,1998-02-17,2000-03-15,Senior Engineer
285164,Xiaocheng,Kumaresan,1965-01-02,1994-10-03,9999-01-01,Staff
285318,Theron,Ravishankar,1965-01-09,1991-12-27,1999-10-09,Senior Engineer
285396,Lena,Kohling,1965-01-27,1986-10-04,9999-01-01,Senior Engineer
285905,Kellyn,Bage,1965-01-09,1994-11-04,9999-01-01,Senior Staff
285906,Arnould,Buescher,1965-01-02,1998-03-26,9999-01-01,Engineer
286026,Utpal,Zaumen,1965-01-21,1991-02-25,9999-01-01,Staff
286029,Jaques,Nanard,1965-01-28,1996-07-16,9999-01-01,Staff
286370,Toshimitsu,Seuren,1965-01-06,1995-01-19,9999-01-01,Senior Staff
286452,Behnaam,Bierbaum,1965-01-26,1999-01-31,9999-01-01,Engineer
286573,Nahum,Nishimukai,1965-01-27,1994-07-29,9999-01-01,Engineer
286779,Sigeru,Versino,1965-01-24,1998-08-31,9999-01-01,Engineer
286986,Woody,Trelles,1965-01-01,1996-05-23,9999-01-01,Senior Engineer
287323,Steve,Dengi,1965-02-01,1999-09-15,9999-01-01,Staff
287327,Youjian,Felder,1965-01-13,1993-07-15,9999-01-01,Senior Staff
287334,Elliott,Speer,1965-01-05,1998-08-08,9999-01-01,Engineer
287436,Sasan,Deville,1965-01-02,1994-10-11,2001-04-25,Technique Leader
287482,Shigeaki,Gihr,1965-01-01,1994-03-18,9999-01-01,Engineer
287583,Jovan,Hockney,1965-01-18,1990-06-21,9999-01-01,Engineer
287609,Sailaja,Negoita,1965-01-06,1988-01-20,9999-01-01,Assistant Engineer
287713,Aamod,Ranka,1965-01-23,1992-12-07,9999-01-01,Senior Staff
287808,Vidar,Ozeki,1965-01-09,1996-06-17,9999-01-01,Technique Leader
287822,Mooi,Perfilyeva,1965-01-24,1999-01-04,2000-09-04,Engineer
287983,Randi,Munos,1965-01-23,1990-09-07,9999-01-01,Senior Staff
287984,Troy,Kobuchi,1965-01-09,1991-02-12,9999-01-01,Engineer
288028,Kauko,Narwekar,1965-01-22,1985-12-16,9999-01-01,Engineer
288134,IEEE,VanScheik,1965-01-11,1992-02-11,1993-11-20,Staff
288142,Shay,Heystek,1965-01-25,1989-04-01,9999-01-01,Senior Staff
288166,Masoud,Asmuth,1965-01-11,1994-09-05,9999-01-01,Staff
288560,Yifei,Birjandi,1965-01-16,1994-02-07,9999-01-01,Senior Staff
288563,Cristinel,Gerlach,1965-01-02,1996-01-09,9999-01-01,Engineer
288606,Susumu,Swiss,1965-01-21,1991-11-15,9999-01-01,Senior Staff
288665,Horward,Khasidashvili,1965-01-31,1998-11-19,9999-01-01,Senior Engineer
288848,Vivian,Hennebert,1965-01-31,1991-04-10,1994-06-11,Staff
288893,Bedrich,Rosenbaum,1965-01-30,1991-01-27,9999-01-01,Engineer
289122,Nikolaus,Akaboshi,1965-01-21,1990-09-20,1995-07-04,Staff
289454,Bowen,Narwekar,1965-01-20,1985-03-08,9999-01-01,Senior Engineer
289687,Fai,Maccarone,1965-01-31,1985-10-30,9999-01-01,Senior Staff
289807,Soenke,Lemarechal,1965-01-04,1994-09-04,9999-01-01,Senior Staff
289909,Hilari,Vecchio,1965-01-09,1993-04-24,9999-01-01,Senior Staff
290009,Zijian,Rindone,1965-01-22,1989-07-09,9999-01-01,Staff
290010,Fox,Lodder,1965-01-11,1988-02-17,1994-01-29,Staff
290075,Boalin,Byoun,1965-01-15,1990-10-01,9999-01-01,Senior Staff
290284,Kwangjo,Menhardt,1965-01-08,1996-01-11,9999-01-01,Engineer
290441,Gregory,Collavizza,1965-01-25,1987-09-09,9999-01-01,Staff
290467,Shaowen,Poulakidas,1965-01-29,1987-04-15,9999-01-01,Senior Staff
290478,Tsvetan,Sherertz,1965-01-03,1989-08-07,9999-01-01,Assistant Engineer
290563,Shigehiro,Oxenboll,1965-01-09,1986-02-26,9999-01-01,Senior Engineer
290769,Lalit,Blokdijk,1965-01-26,1999-02-01,9999-01-01,Senior Engineer
291349,Constantijn,Rusterholz,1965-01-19,1998-08-28,1998-11-13,Staff
291352,Danai,Trelles,1965-01-07,1992-04-17,1997-08-26,Technique Leader
291368,Gita,Rodier,1965-01-03,1990-08-24,1994-04-27,Staff
291612,Siamak,Gomatam,1965-01-30,1998-07-08,9999-01-01,Engineer
291669,Faiza,Bach,1965-01-04,1999-09-13,9999-01-01,Engineer
291755,Ebru,Doering,1965-01-29,1994-08-27,2001-04-06,Assistant Engineer
291819,Uriel,Georg,1965-01-13,1991-06-08,1999-06-22,Senior Staff
292110,Menkae,Showalter,1965-01-23,1996-08-09,9999-01-01,Engineer
292146,Khatoun,Pulkowski,1965-01-09,2002-01-09,9999-01-01,Engineer
292210,Masaru,Huhdanpaa,1965-01-17,1996-11-23,9999-01-01,Senior Engineer
292374,Shridhar,Chvatal,1965-01-15,1989-10-02,1990-05-09,Staff
292404,Hongzue,Zultner,1965-01-28,1990-02-22,9999-01-01,Senior Staff
292504,Georgi,Bednarek,1965-01-27,1994-03-02,9999-01-01,Senior Engineer
292515,Bernd,Thummel,1965-01-04,1989-08-03,9999-01-01,Assistant Engineer
292828,Ziya,Tokunaga,1965-01-10,1986-01-08,9999-01-01,Senior Engineer
292901,Shuky,Journel,1965-01-02,1985-02-14,1995-04-27,Engineer
293080,Hideyuki,Slaats,1965-01-12,1987-05-30,9999-01-01,Senior Staff
293154,Syozo,Maliniak,1965-01-21,1993-06-06,9999-01-01,Senior Staff
293280,Moti,Steenbeek,1965-01-24,1987-01-22,9999-01-01,Senior Engineer
293329,Fumiya,Griswold,1965-01-15,1986-06-12,9999-01-01,Engineer
293746,Sanjay,Litecky,1965-01-25,1995-08-27,9999-01-01,Senior Engineer
293752,Jungsoon,Bail,1965-01-04,1986-02-18,9999-01-01,Senior Staff
294144,Takanari,Ermel,1965-01-09,1992-01-11,9999-01-01,Senior Staff
294241,Marl,Fiebach,1965-01-12,1994-07-26,9999-01-01,Staff
294446,Claudi,Ruemmler,1965-01-27,1999-08-13,9999-01-01,Staff
294461,Siddarth,Rosiles,1965-01-14,1985-11-18,9999-01-01,Senior Engineer
294527,Ashish,Candan,1965-01-04,1992-02-02,9999-01-01,Senior Staff
294652,Hironobu,Brodie,1965-01-27,1998-12-21,9999-01-01,Engineer
294791,Vesna,Lammel,1965-01-28,1999-10-08,9999-01-01,Assistant Engineer
294857,Caolyn,Ozeri,1965-01-15,1986-07-29,9999-01-01,Engineer
294996,Tomoyuki,Vigier,1965-02-01,1991-07-08,2000-03-08,Senior Staff
295030,Fun,Keirsey,1965-01-01,1985-07-09,9999-01-01,Senior Staff
295236,Kauko,Fujisawa,1965-01-24,1987-09-13,9999-01-01,Engineer
295254,Xuejun,Pfau,1965-01-15,1985-07-24,9999-01-01,Senior Staff
295255,Jacopo,Bellone,1965-01-04,1988-03-13,9999-01-01,Technique Leader
295262,Moon,Pews,1965-01-22,1994-08-06,9999-01-01,Assistant Engineer
295268,Eben,Calkin,1965-01-28,1996-12-19,9999-01-01,Staff
295278,Val,Barvinok,1965-01-04,1990-01-02,9999-01-01,Assistant Engineer
295411,Chiranjit,Serot,1965-01-18,1997-04-04,9999-01-01,Staff
295476,Shawna,Chiodo,1965-01-19,1999-01-22,1999-04-05,Engineer
295857,Kankanahalli,Ciolek,1965-01-17,1989-12-26,9999-01-01,Senior Staff
296062,Shaz,Driscoll,1965-01-29,1998-10-03,9999-01-01,Staff
296303,Mariangiola,Heyers,1965-01-28,1992-08-04,9999-01-01,Technique Leader
296428,Charmane,Simmen,1965-01-03,1989-03-07,9999-01-01,Senior Staff
296610,Pranav,Berztiss,1965-01-25,1990-10-06,1996-09-09,Senior Engineer
296621,Bokyung,Plump,1965-01-02,1986-07-05,1989-04-27,Technique Leader
296664,Dipayan,Geffroy,1965-01-31,1987-09-17,9999-01-01,Senior Engineer
296687,Palash,Spieker,1965-01-02,1991-05-11,9999-01-01,Senior Staff
296718,Kamakshi,Bahl,1965-01-30,1987-12-22,9999-01-01,Senior Engineer
296962,Wilmer,Luke,1965-01-28,1987-02-13,1999-02-15,Technique Leader
297008,Boutros,Awdeh,1965-01-20,1985-11-07,1988-07-11,Staff
297232,Lokesh,Saoudi,1965-01-16,1999-05-25,9999-01-01,Senior Staff
297243,Tesuya,Mansanne,1965-01-13,1993-10-08,1997-06-01,Senior Staff
297431,Cathie,Ratnakar,1965-01-12,1996-06-23,9999-01-01,Senior Staff
297474,Irena,Terkki,1965-01-13,1998-03-11,9999-01-01,Staff
297804,Vasilis,Ginneken,1965-01-16,1985-09-13,1990-04-08,Engineer
297905,Marc,Bahl,1965-01-12,1997-06-18,9999-01-01,Assistant Engineer
297954,Sailaja,Fujisaki,1965-01-13,1995-07-24,9999-01-01,Assistant Engineer
298339,King,Benzmuller,1965-01-11,1986-09-04,9999-01-01,Engineer
298479,Kamakshi,Badache,1965-01-24,1996-06-11,1999-03-11,Staff
298577,Florina,Litecky,1965-01-11,1985-12-02,9999-01-01,Senior Staff
298953,Zita,Syang,1965-02-01,1998-12-29,9999-01-01,Staff
299346,Fumitake,Sichman,1965-01-09,1991-02-21,9999-01-01,Senior Staff
299580,Luisa,Itzfeldt,1965-01-21,1997-01-23,9999-01-01,Engineer
299718,Denny,Shobatake,1965-01-15,1997-06-22,9999-01-01,Staff
299737,Patricio,Itzfeldt,1965-02-01,1985-05-21,9999-01-01,Senior Staff
400046,Hilari,Christ,1965-01-12,1996-10-07,9999-01-01,Senior Staff
400344,Yishai,Sessa,1965-01-04,1996-08-21,2000-09-30,Engineer
400358,Angus,Jullig,1965-01-31,1989-04-13,9999-01-01,Senior Engineer
400683,Kamakshi,Manders,1965-01-28,1995-08-05,9999-01-01,Staff
400780,Poornachandra,Asser,1965-01-09,1993-11-07,9999-01-01,Engineer
400796,Bodo,Halevi,1965-01-10,1996-05-30,9999-01-01,Engineer
401154,Danae,Kragelund,1965-01-27,1987-05-20,9999-01-01,Senior Staff
401278,Oguz,Schurmann,1965-01-16,1986-11-11,9999-01-01,Engineer
401333,Martins,Shokrollahi,1965-01-30,1986-11-04,9999-01-01,Engineer
401364,Pranay,Kambil,1965-01-16,1999-07-30,2002-04-06,Senior Staff
401420,Florian,Uhrig,1965-01-06,1987-01-31,9999-01-01,Senior Staff
401574,Yannik,Falco,1965-01-13,1988-01-15,9999-01-01,Technique Leader
402025,Shigehito,Duclos,1965-01-20,1987-09-20,9999-01-01,Engineer
402102,Kersti,Granlund,1965-01-21,1995-03-19,9999-01-01,Engineer
402223,Fai,Breugel,1965-01-30,1995-02-27,1999-10-08,Staff
402664,Subhada,Janetzko,1965-01-04,1987-01-25,9999-01-01,Senior Engineer
402718,Jeanna,Rettelbach,1965-01-17,1990-02-14,9999-01-01,Senior Engineer
402827,Weidon,Pollacia,1965-01-28,1988-02-27,2002-03-24,Senior Staff
403010,Toshimitsu,Sluis,1965-01-16,1985-02-18,9999-01-01,Senior Engineer
403237,Muneo,Gunderson,1965-01-01,1985-12-08,1993-09-19,Engineer
403455,Marko,Velardi,1965-01-25,1992-11-22,2001-08-27,Engineer
403621,Deborah,Kaminger,1965-01-07,1988-06-04,9999-01-01,Senior Staff
403644,Krisda,Hainaut,1965-01-19,1995-07-08,9999-01-01,Senior Staff
403954,Jeanna,Bratten,1965-01-10,1990-07-26,9999-01-01,Senior Engineer
404018,Valery,Babb,1965-01-11,1998-10-19,9999-01-01,Senior Engineer
404236,Zengping,Kakkar,1965-01-12,1988-07-22,9999-01-01,Engineer
404462,Anestis,Setlzner,1965-01-09,1985-07-13,9999-01-01,Senior Engineer
404573,Eberhardt,Spelt,1965-01-31,1997-07-05,9999-01-01,Staff
404755,Manu,Junet,1965-01-13,1991-04-20,9999-01-01,Senior Staff
404788,Basem,Beausoleil,1965-01-16,1998-03-16,9999-01-01,Engineer
404879,Jeanne,Kaminger,1965-01-12,1987-07-21,1991-04-21,Engineer
405015,Morris,Fargier,1965-01-02,1988-06-29,9999-01-01,Senior Staff
405063,Yechezkel,Yurov,1965-01-26,2001-11-16,9999-01-01,Senior Engineer
405372,Masami,Merro,1965-01-24,1988-09-23,1999-08-31,Senior Staff
406125,Georgi,Portugali,1965-01-25,1987-09-27,9999-01-01,Technique Leader
406239,Marek,Tomescu,1965-01-09,1995-05-15,9999-01-01,Senior Engineer
406249,Naraig,Snyers,1965-01-23,1986-12-03,1992-05-19,Senior Engineer
406299,Kitty,Kolvik,1965-01-25,1991-10-07,1995-04-29,Engineer
406537,Martien,Ranum,1965-01-30,1993-03-15,1999-05-18,Senior Engineer
406564,Parviz,Picco,1965-01-25,1995-04-16,9999-01-01,Engineer
406714,Malu,Ossenbruggen,1965-02-01,1986-11-21,9999-01-01,Staff
406847,Alexius,Crouzet,1965-01-24,1999-10-05,9999-01-01,Staff
407522,Tommaso,Raczkowsky,1965-01-25,1996-08-29,9999-01-01,Staff
407837,Fei,Erez,1965-02-01,1988-04-02,9999-01-01,Senior Engineer
408019,Shridhar,Chleq,1965-01-01,1986-03-22,9999-01-01,Engineer
408114,Geoffrey,Ladret,1965-01-05,1994-01-03,9999-01-01,Engineer
408163,Irene,Sethi,1965-01-21,2000-08-12,9999-01-01,Senior Engineer
408417,Tsz,Daescu,1965-01-19,1994-09-28,9999-01-01,Staff
408435,Bikash,Vilarrasa,1965-01-18,1999-03-26,2000-12-29,Staff
408437,Uno,Solares,1965-01-29,1994-09-22,9999-01-01,Staff
408447,Mayuri,Werthner,1965-01-13,2001-02-20,9999-01-01,Senior Staff
408654,Yongqiao,Cochrane,1965-01-09,1986-10-27,9999-01-01,Staff
408953,Jolita,Claffy,1965-01-26,1993-12-24,9999-01-01,Senior Engineer
409112,Sahrah,Mitchem,1965-01-10,1991-03-28,2002-05-18,Senior Staff
409391,Willard,Verspoor,1965-01-06,1999-02-28,9999-01-01,Engineer
409712,Etsuo,Andreotta,1965-01-23,1992-03-28,2000-06-23,Senior Engineer
409798,Dekang,Tsunoo,1965-01-15,1995-01-19,9999-01-01,Technique Leader
409805,Frazer,Candan,1965-01-15,1999-03-05,9999-01-01,Senior Engineer
409898,Divier,Ishibashi,1965-02-01,1989-09-22,9999-01-01,Engineer
410028,Xiadong,McClurg,1965-01-11,1985-09-17,9999-01-01,Senior Staff
410372,Duri,Mitina,1965-01-08,1990-03-04,9999-01-01,Engineer
410433,Kazuhisa,Riesenhuber,1965-01-19,1992-10-06,9999-01-01,Senior Engineer
410592,Tonia,Shigei,1965-01-01,1993-03-13,1997-01-12,Staff
410616,Gudjon,Kalorkoti,1965-01-18,1994-04-14,9999-01-01,Engineer
410703,Kitty,Halloran,1965-01-14,1997-11-20,2002-01-18,Staff
410804,Ronnie,Denos,1965-01-17,1992-06-08,9999-01-01,Engineer
410881,Koichi,Grabner,1965-01-06,2000-04-05,9999-01-01,Senior Engineer
411070,Otmar,Brandsma,1965-01-29,1987-05-28,9999-01-01,Engineer
411082,Martine,Cangellaris,1965-01-08,1992-04-28,9999-01-01,Engineer
411143,Goncalo,Barbanera,1965-01-08,1996-09-01,9999-01-01,Senior Staff
411727,Weiwu,Lamma,1965-01-09,1997-11-05,2000-11-26,Staff
411906,Anneli,Pappas,1965-02-01,1998-07-04,1998-09-19,Engineer
412315,Geoff,Peck,1965-01-02,1999-01-08,1999-03-26,Staff
412404,Mitsuyuki,Jeansoulin,1965-01-15,1999-10-28,9999-01-01,Senior Engineer
412757,Leen,Peak,1965-01-03,1999-11-20,9999-01-01,Engineer
413098,Hsiangchu,Taubenfeld,1965-01-26,1993-04-17,9999-01-01,Senior Staff
413205,Mototsugu,Prampolini,1965-01-09,1988-06-12,9999-01-01,Senior Staff
413554,Elvia,Schwartzburd,1965-01-20,1991-10-16,1995-08-25,Engineer
413666,Remco,Duclos,1965-01-05,1988-04-18,9999-01-01,Senior Staff
413729,Harjit,Ernst,1965-01-02,1992-04-26,9999-01-01,Technique Leader
413831,Mohamadou,Grabner,1965-01-09,1991-11-25,9999-01-01,Staff
413832,Marco,Jahnichen,1965-01-24,1995-03-28,9999-01-01,Senior Staff
414027,Tadanori,Msuda,1965-01-31,1993-02-20,9999-01-01,Engineer
414091,Wuxu,Kuhnemann,1965-01-17,1997-08-19,9999-01-01,Engineer
414461,Somnath,Bierbaum,1965-01-22,1996-12-05,2000-12-22,Senior Staff
414543,Bernd,Anick,1965-01-03,1988-11-19,9999-01-01,Senior Engineer
414551,Elliott,Copas,1965-01-22,1994-09-13,9999-01-01,Engineer
414662,Ipke,Schneeberger,1965-01-21,1985-09-20,9999-01-01,Engineer
414714,Chinho,Delgrande,1965-01-06,1996-11-07,9999-01-01,Senior Staff
414808,Aris,Sambasivam,1965-01-05,1988-02-21,1998-05-20,Senior Engineer
414814,Dayanand,Wielonsky,1965-01-28,1999-02-15,1999-02-28,Staff
414897,Juyoung,Willoner,1965-01-17,1989-11-03,9999-01-01,Senior Staff
414922,Prasadram,Piazza,1965-01-20,1987-06-05,1997-11-04,Senior Engineer
415187,Juyoung,Peltason,1965-01-03,1998-09-01,9999-01-01,Assistant Engineer
415234,Ewing,Baak,1965-01-28,1993-10-05,1993-10-19,Engineer
415338,Shigeo,Emmart,1965-01-22,1995-12-24,9999-01-01,Assistant Engineer
415363,Conal,Shackell,1965-01-19,1995-02-23,9999-01-01,Senior Staff
415563,Mrinalini,Bierbaum,1965-01-21,1986-03-12,9999-01-01,Engineer
416074,Alain,Lieberherr,1965-01-08,1987-05-11,9999-01-01,Engineer
416383,Nectarios,Itschner,1965-01-29,1990-03-02,9999-01-01,Engineer
416420,Adamantios,Heemskerk,1965-01-22,1986-08-08,9999-01-01,Senior Staff
416455,Laurentiu,Morton,1965-01-22,1998-12-21,1999-12-23,Engineer
416492,Kannan,Meriste,1965-01-15,1992-08-12,9999-01-01,Senior Engineer
416660,Nathalie,Luke,1965-01-28,1987-09-16,9999-01-01,Assistant Engineer
416720,Tokuyasu,Xiaoshan,1965-01-14,1991-09-19,9999-01-01,Engineer
416877,Gio,Orsini,1965-01-02,1988-12-07,9999-01-01,Staff
416892,Shooichi,Vandervoorde,1965-01-03,1996-08-16,9999-01-01,Engineer
417128,Valeska,Rosenbaum,1965-01-26,1994-05-18,1997-01-13,Senior Engineer
417435,Bouchung,Zaumen,1965-01-03,1999-01-29,9999-01-01,Senior Staff
418239,Josyula,Motley,1965-01-03,1996-03-26,9999-01-01,Senior Engineer
418247,Oscar,Oppitz,1965-01-08,1995-06-30,2002-07-27,Staff
418298,Arvin,Pusterhofer,1965-01-08,1995-03-02,9999-01-01,Engineer
418309,Danel,Petereit,1965-01-24,1985-02-21,9999-01-01,Senior Engineer
418380,Kazuhiko,Gornas,1965-01-02,1993-05-20,9999-01-01,Senior Engineer
418566,Kazuhide,Snedden,1965-01-27,1996-06-14,9999-01-01,Senior Engineer
418606,Michaela,Otillio,1965-01-11,1994-01-05,9999-01-01,Engineer
418689,Gino,Uehara,1965-01-07,1988-02-17,1991-04-09,Senior Staff
418717,Arunachalam,Magliocco,1965-01-20,1987-12-23,9999-01-01,Staff
418860,Ymte,Dalton,1965-02-01,1992-11-22,9999-01-01,Senior Staff
419099,Heon,Broomell,1965-01-15,1998-05-06,9999-01-01,Staff
419388,Nikolaos,Bamford,1965-01-22,1986-02-25,1997-09-23,Engineer
419953,Ung,Orlowski,1965-01-29,1991-07-22,9999-01-01,Senior Staff
420086,Susuma,Kitsuregawa,1965-01-27,1985-05-28,9999-01-01,Engineer
420476,Mariangiola,Bolsens,1965-01-28,1985-06-15,9999-01-01,Senior Staff
420557,Mabhin,Eastman,1965-01-06,1989-08-02,9999-01-01,Staff
420599,Hidde,Riexinger,1965-01-02,1986-11-18,1996-08-20,Senior Engineer
420681,Atilio,Rajala,1965-01-10,1999-12-01,2001-07-27,Technique Leader
420694,Frazer,Barbanera,1965-01-19,1986-11-04,9999-01-01,Senior Staff
420732,Willard,Morrin,1965-01-06,1996-05-27,9999-01-01,Senior Staff
420759,Raimond,Solovay,1965-01-04,1997-10-03,9999-01-01,Staff
420765,Shawna,Krider,1965-01-17,1990-03-09,9999-01-01,Staff
420877,Khosrow,Erez,1965-01-29,1990-02-11,9999-01-01,Staff
420921,Niranjan,Lamba,1965-01-30,1997-11-16,1998-10-10,Staff
421022,Shigeaki,Butner,1965-01-26,1996-07-13,9999-01-01,Senior Staff
421033,Garnik,Randt,1965-01-14,1989-12-23,9999-01-01,Senior Staff
421039,Aemilian,Zedlitz,1965-01-28,1988-12-23,1993-07-16,Engineer
421074,Zhaofang,Falster,1965-01-07,1994-06-29,9999-01-01,Senior Staff
421312,Mariangiola,Bashian,1965-01-13,1999-09-18,9999-01-01,Engineer
421384,Renny,Bednarek,1965-01-02,1987-06-01,9999-01-01,Senior Staff
421755,Shichao,Thiria,1965-01-03,1989-01-11,9999-01-01,Senior Engineer
422146,Kenton,Miara,1965-01-08,2002-03-13,9999-01-01,Engineer
422263,Abdulah,Remmele,1965-01-06,1992-09-24,1996-07-21,Staff
422450,Junichi,Rubsam,1965-01-04,1988-10-30,1994-03-11,Senior Engineer
422783,Jagoda,Uhrig,1965-01-18,1995-09-01,9999-01-01,Engineer
423038,Takushi,Strehl,1965-01-20,1988-10-04,9999-01-01,Senior Staff
423204,Uma,Stranks,1965-01-08,1991-09-13,9999-01-01,Staff
423208,Joydip,Krone,1965-01-19,1995-02-08,9999-01-01,Engineer
423214,Tsutomu,Tetzlaff,1965-01-31,1987-09-24,9999-01-01,Senior Staff
423327,Constantijn,Lichtman,1965-01-27,1994-06-26,9999-01-01,Staff
423350,Heping,Monarch,1965-01-04,1988-04-15,9999-01-01,Senior Staff
423516,Wojceich,Butterworth,1965-01-02,1999-11-16,2001-10-05,Senior Engineer
423633,Mariusz,Tokunaga,1965-01-30,1985-02-11,9999-01-01,Senior Engineer
423993,Seshu,Kolvik,1965-01-01,1988-12-09,9999-01-01,Technique Leader
424569,Danco,Luff,1965-01-14,1997-10-30,9999-01-01,Engineer
424584,Kagan,Dredge,1965-02-01,1994-02-26,9999-01-01,Engineer
424685,Changho,Veevers,1965-01-10,1997-03-03,9999-01-01,Senior Staff
424714,Nathan,Vendrig,1965-01-10,1990-08-20,1997-03-22,Engineer
424797,Theron,Itschner,1965-01-19,1985-05-16,9999-01-01,Senior Staff
424805,Jacqueline,Zallocco,1965-01-24,1987-12-17,9999-01-01,Senior Staff
424845,Salvador,Peres,1965-01-01,1996-02-05,1996-11-17,Staff
424930,Xuejun,Reeker,1965-01-19,1988-11-18,9999-01-01,Staff
424984,Vasilis,Waleschkowski,1965-01-11,1996-05-26,9999-01-01,Engineer
425437,Moni,Staudhammer,1965-01-03,1999-03-23,9999-01-01,Engineer
425535,Alagu,Vieri,1965-01-18,1986-08-23,9999-01-01,Senior Staff
425540,Paddy,Zumaque,1965-01-03,1995-11-12,9999-01-01,Senior Staff
425757,Yongdong,Jiang,1965-01-18,1990-10-13,1995-01-31,Senior Staff
425780,Paris,Range,1965-01-15,1989-10-25,9999-01-01,Senior Staff
425830,Guther,Conia,1965-01-30,1999-02-13,9999-01-01,Engineer
425875,Jahangir,Kroft,1965-01-19,1990-06-11,9999-01-01,Staff
426153,Shahaf,Luce,1965-01-16,1999-04-06,9999-01-01,Senior Staff
426168,Kaijung,Mateescu,1965-01-10,1987-11-18,9999-01-01,Staff
426228,Supot,Badache,1965-01-17,1996-08-17,9999-01-01,Engineer
426235,Danco,Rajala,1965-01-31,1991-03-29,9999-01-01,Staff
426611,Serap,Bahi,1965-01-29,1986-05-15,1990-05-04,Engineer
426644,Zejun,Broomell,1965-01-13,1995-01-19,9999-01-01,Engineer
426683,Xudong,Muntz,1965-01-03,1991-03-08,1996-04-02,Engineer
426706,Karsten,Kawashima,1965-01-07,1994-03-15,9999-01-01,Engineer
426795,Huican,Lunn,1965-01-07,1986-07-23,9999-01-01,Senior Staff
426818,Gaurav,Fendler,1965-01-21,1992-02-15,9999-01-01,Staff
426819,Sandeepan,Kulisch,1965-01-13,1997-05-16,9999-01-01,Engineer
426824,Gopalakrishnan,Mawatari,1965-01-25,1988-10-29,1997-12-07,Senior Staff
426958,Weijing,Viele,1965-01-19,1985-10-03,9999-01-01,Engineer
427313,Utpal,Kemmerer,1965-01-31,1986-12-04,9999-01-01,Senior Staff
427320,Mamdouh,Ramamoorthy,1965-01-13,2000-01-13,9999-01-01,Senior Engineer
427332,Feiyu,Hemaspaandra,1965-01-20,1995-06-04,9999-01-01,Staff
427571,Torsten,Ranta,1965-01-20,1995-07-03,9999-01-01,Engineer
427659,Mariusz,Ritcey,1965-01-27,1987-03-16,1991-07-01,Engineer
427776,Jaques,Navazio,1965-01-25,1989-04-04,9999-01-01,Staff
427805,Haldun,Compeau,1965-01-21,1997-10-15,9999-01-01,Senior Staff
427823,Jaques,Gecsei,1965-01-18,1999-07-13,9999-01-01,Staff
427852,Adil,Kieras,1965-01-02,1992-07-20,9999-01-01,Senior Engineer
428082,Ronghao,Alpin,1965-01-09,1991-09-11,9999-01-01,Senior Staff
428160,Jamaludin,Kalorkoti,1965-01-12,1993-07-14,1998-09-06,Senior Staff
428195,Hatsukazu,Rosca,1965-01-11,1986-10-13,1993-08-02,Staff
428219,Ghassan,Androutsos,1965-01-21,1987-12-26,9999-01-01,Senior Staff
428235,Chenyi,Demian,1965-01-17,1991-08-29,2000-03-18,Senior Engineer
428294,Nimmagadda,Kusakari,1965-01-13,1994-01-23,1998-05-14,Engineer
428917,Theron,Billawala,1965-01-23,1989-02-17,9999-01-01,Engineer
429040,Bader,Detkin,1965-01-22,1993-10-24,1999-07-31,Staff
429087,Hugh,Senzako,1965-01-27,1992-10-15,9999-01-01,Technique Leader
429231,Kazuyasu,Schmiedel,1965-01-09,1985-09-07,9999-01-01,Senior Staff
429238,Mona,Luck,1965-01-29,1989-05-11,9999-01-01,Senior Staff
429249,Alassane,Wolniewicz,1965-01-28,1993-11-09,9999-01-01,Senior Engineer
429316,Seshu,Hiraishi,1965-01-08,1994-08-10,9999-01-01,Staff
429381,Limsoon,Roohalamini,1965-01-06,1986-11-26,9999-01-01,Senior Staff
429419,Adas,Chinen,1965-01-13,1993-01-04,2002-05-15,Senior Staff
429481,Subhada,Emmerich,1965-01-09,1996-03-06,9999-01-01,Engineer
429520,Yongqiao,Francisci,1965-01-06,1999-12-01,9999-01-01,Engineer
429532,Bartek,Vendrig,1965-01-25,1992-06-06,9999-01-01,Staff
429553,Tadanori,Fujisawa,1965-01-12,1999-08-07,2000-07-04,Technique Leader
429569,Fumiya,Chappelet,1965-01-03,1992-09-03,9999-01-01,Assistant Engineer
429703,Ung,Honglei,1965-01-06,1986-09-02,9999-01-01,Staff
429756,Jiann,Hofmeyr,1965-01-06,1992-02-03,1997-10-23,Staff
429899,Ranan,Marsiglia,1965-01-30,1999-08-13,9999-01-01,Staff
429954,Renny,Gladwell,1965-01-26,1999-02-27,9999-01-01,Staff
430054,Erzsebet,Setiz,1965-01-22,1993-06-10,9999-01-01,Senior Engineer
430558,Xiong,Roisin,1965-01-07,1988-03-01,9999-01-01,Senior Engineer
430593,Janalee,Lanzelotte,1965-01-19,1997-12-01,9999-01-01,Senior Staff
430631,Kersti,Marsiglia,1965-01-17,1994-02-19,9999-01-01,Engineer
430891,Khalil,Gien,1965-01-06,1991-08-06,9999-01-01,Senior Engineer
430981,Amabile,Koyama,1965-01-24,1985-07-25,1993-05-14,Senior Staff
431353,Bedir,Reeken,1965-01-22,1991-02-17,1998-10-25,Senior Staff
431576,Masamitsu,Back,1965-01-06,1993-04-12,9999-01-01,Senior Staff
431657,Visit,Thiran,1965-01-31,1986-11-14,9999-01-01,Engineer
431759,Alassane,Ramsay,1965-02-01,1987-11-21,1989-04-12,Engineer
431882,Hideo,Varman,1965-01-21,1997-06-19,9999-01-01,Engineer
431887,Poorav,Ranst,1965-01-05,1996-06-01,9999-01-01,Senior Engineer
432031,Adamantios,Matzat,1965-01-11,1987-03-01,9999-01-01,Senior Staff
432034,Arfst,Uehara,1965-01-24,1994-07-10,9999-01-01,Senior Staff
432089,Irena,Gulla,1965-01-17,1989-12-30,2002-01-11,Senior Engineer
432121,Alair,Straney,1965-01-06,1986-11-15,9999-01-01,Senior Staff
432257,Kwangjo,Hiltgen,1965-01-20,1998-12-22,9999-01-01,Engineer
432261,Arve,Bergere,1965-01-30,1987-07-28,9999-01-01,Senior Engineer
432399,Nitsan,Nollmann,1965-01-19,1993-09-29,9999-01-01,Engineer
432523,Takahiro,Maquelin,1965-01-21,1997-07-21,9999-01-01,Engineer
432665,Flemming,Driscoll,1965-01-02,1994-05-28,9999-01-01,Senior Engineer
432787,Toshiko,Ibel,1965-01-16,1996-11-23,9999-01-01,Senior Engineer
432890,Nalini,Perly,1965-01-24,1999-03-07,2001-01-15,Senior Engineer
432956,Qunsheng,Birrer,1965-01-25,1986-05-13,9999-01-01,Senior Staff
433059,Bojan,Montresor,1965-01-02,1995-02-04,9999-01-01,Staff
433157,Tomofumi,Serna,1965-01-16,1999-10-23,9999-01-01,Staff
433260,Make,Olivero,1965-02-01,1991-06-01,9999-01-01,Assistant Engineer
433438,Keiichiro,Miyakawa,1965-01-06,1993-09-12,9999-01-01,Staff
433465,Wonhee,Benveniste,1965-01-12,1985-12-21,1987-03-23,Senior Staff
433640,Monique,Baer,1965-01-12,1987-12-12,1996-02-13,Senior Staff
434384,Greger,Babb,1965-01-28,1995-11-06,1998-06-13,Senior Staff
434845,Takushi,Skogmar,1965-01-11,1985-06-07,9999-01-01,Senior Staff
434936,Sahrah,Rosis,1965-01-15,1994-06-24,9999-01-01,Senior Engineer
435026,Shim,Versino,1965-01-14,1986-08-20,1996-12-17,Senior Engineer
435042,Brigham,Borstler,1965-01-10,1995-10-09,9999-01-01,Staff
435060,Moie,Lieblein,1965-01-16,1996-07-12,9999-01-01,Staff
435181,Kazuhide,Fiutem,1965-01-16,1992-05-10,9999-01-01,Senior Staff
435226,Yinghua,Panwar,1965-01-12,1994-06-11,1996-02-26,Senior Staff
435289,Feixiong,Schurmann,1965-01-04,1987-02-15,9999-01-01,Senior Staff
435305,Berthier,Pramanik,1965-01-21,1993-01-23,9999-01-01,Senior Staff
435357,Jaques,Standera,1965-01-29,1997-10-02,1998-03-11,Engineer
435370,Conal,Basart,1965-01-16,1991-05-17,9999-01-01,Senior Staff
435588,Genta,Pepe,1965-01-29,1994-04-12,9999-01-01,Staff
435602,Dietrich,Kranzdorf,1965-01-29,1992-10-04,9999-01-01,Staff
435664,Sham,Chiodo,1965-01-02,1997-07-28,2000-06-16,Senior Engineer
435774,Olivera,Bharadwaj,1965-01-09,1992-04-01,9999-01-01,Staff
435791,Hercules,Speer,1965-01-07,1994-03-07,9999-01-01,Engineer
436558,Subir,Greibach,1965-01-08,1992-05-24,9999-01-01,Senior Engineer
436797,Ohad,Henders,1965-01-24,1990-11-03,9999-01-01,Senior Staff
436827,Wojceich,Limongiello,1965-01-30,1988-03-10,9999-01-01,Senior Staff
436915,Feixiong,Haraldson,1965-01-13,1998-10-11,9999-01-01,Staff
437276,Dines,DeMori,1965-01-17,1987-12-07,9999-01-01,Staff
437369,Kazuhide,Biran,1965-02-01,1995-01-25,9999-01-01,Senior Staff
437395,Sumant,Thambidurai,1965-01-21,1994-01-02,1996-08-24,Staff
437724,Erez,Luft,1965-01-17,1994-12-14,9999-01-01,Staff
437870,Kerhong,Lorho,1965-01-07,2001-03-17,9999-01-01,Staff
438038,Lena,Giaccio,1965-01-01,2001-10-03,9999-01-01,Senior Staff
438158,Shaw,Varman,1965-01-19,1994-12-16,1999-05-13,Senior Engineer
438264,Rasikan,Barreiro,1965-01-19,1991-09-27,9999-01-01,Senior Staff
438557,Lidong,Swist,1965-01-30,1999-09-16,9999-01-01,Engineer
438723,Charlene,Verspoor,1965-01-12,1992-03-16,2001-11-13,Engineer
439377,Mari,Plessier,1965-01-28,1997-07-04,9999-01-01,Senior Engineer
439905,Kousuke,Levasseur,1965-01-03,1990-03-16,9999-01-01,Senior Staff
439924,Gunilla,Kisuki,1965-01-30,1994-08-14,9999-01-01,Senior Staff
440325,Douadi,Sullins,1965-01-10,1999-09-25,9999-01-01,Senior Staff
440435,Sandeepan,Rosti,1965-01-03,1991-11-26,9999-01-01,Senior Engineer
440450,Tzvetan,Scharstein,1965-01-16,1994-06-16,9999-01-01,Senior Staff
440642,Snehasis,Kalsbeek,1965-01-14,1988-01-06,9999-01-01,Senior Staff
440870,Filipp,Hasham,1965-01-01,1996-10-14,9999-01-01,Senior Staff
440937,Fabrizio,Usery,1965-01-18,1992-10-13,9999-01-01,Senior Staff
440997,Manton,Schapiro,1965-01-01,1991-03-26,2001-01-31,Senior Staff
441197,Miquel,Legleitner,1965-01-18,1985-06-28,9999-01-01,Staff
441536,Chinho,Collette,1965-01-10,1995-10-09,9999-01-01,Senior Engineer
441651,Aimee,Billawala,1965-01-07,1989-02-20,1995-08-24,Engineer
441954,Leszek,Marchegay,1965-01-03,1999-06-13,9999-01-01,Engineer
441965,Claudi,Heijenga,1965-01-12,1988-08-30,9999-01-01,Staff
442002,Ravishankar,Baig,1965-01-03,1992-03-17,9999-01-01,Staff
442096,Martijn,DiGiano,1965-01-15,1990-06-15,9999-01-01,Senior Engineer
442312,Zengping,Cusworth,1965-01-05,1991-06-07,9999-01-01,Engineer
442490,Navid,Luke,1965-01-08,1994-10-17,9999-01-01,Engineer
442653,Mona,Hebden,1965-01-04,1995-10-20,9999-01-01,Engineer
442700,Siddarth,Masada,1965-01-06,1997-08-11,9999-01-01,Staff
442704,Terresa,Milicia,1965-01-07,1995-07-26,1997-11-21,Engineer
442898,Aksel,Gire,1965-01-07,1999-06-27,9999-01-01,Engineer
443108,Christfried,Atrawala,1965-01-14,1990-07-13,1998-11-29,Senior Staff
443339,Shir,Krone,1965-01-04,1996-10-02,1998-09-07,Staff
443485,Marke,Klerer,1965-01-23,1990-04-14,9999-01-01,Senior Staff
443632,Bernd,Conia,1965-01-10,1999-11-25,2002-04-25,Staff
443841,Shaw,Kading,1965-01-08,1992-07-16,9999-01-01,Senior Staff
443873,Vatsa,Ramsay,1965-01-20,2000-06-16,9999-01-01,Staff
444070,Heping,Skrikant,1965-01-15,1990-11-27,9999-01-01,Senior Staff
444099,Kousuke,Worfolk,1965-01-28,1988-03-22,9999-01-01,Staff
444208,Irena,Cesareni,1965-01-27,1985-10-30,9999-01-01,Senior Staff
444228,Xinglin,Busillo,1965-01-23,1998-10-08,1999-06-11,Senior Engineer
444465,Prasadram,Bultermann,1965-01-13,1998-10-25,9999-01-01,Senior Engineer
444487,Udi,Rullman,1965-01-03,1994-04-09,9999-01-01,Senior Engineer
444643,Berna,Schonegge,1965-01-18,1998-06-28,9999-01-01,Staff
445067,Eldridge,Kawashima,1965-01-28,1990-02-27,9999-01-01,Senior Engineer
445152,Heping,Peac,1965-01-09,1985-03-20,9999-01-01,Staff
445201,Randi,Alblas,1965-01-22,1992-05-02,2000-01-27,Staff
445226,Oscar,Baumann,1965-01-01,1987-01-22,9999-01-01,Engineer
445456,Apostol,Gruenwald,1965-01-12,1998-08-04,2000-03-18,Engineer
445514,Tuval,Albarhamtoshy,1965-01-05,1990-09-24,1999-10-28,Technique Leader
445570,Van,Nations,1965-01-25,1986-08-11,9999-01-01,Technique Leader
445723,Gaurav,Roison,1965-01-31,1991-07-12,9999-01-01,Staff
445941,Masako,Dechter,1965-01-11,1985-09-25,9999-01-01,Technique Leader
445950,Ebru,Valtorta,1965-01-23,1992-12-09,9999-01-01,Senior Engineer
446121,Fay,Cochrane,1965-01-11,1999-12-13,9999-01-01,Staff
446306,Hercules,Kabayashi,1965-01-22,1991-06-10,9999-01-01,Senior Engineer
446424,DAIDA,Nooteboom,1965-01-16,1985-11-24,9999-01-01,Engineer
446785,Yuping,Papastamatiou,1965-01-30,1988-08-30,1992-01-16,Engineer
446897,Takahiro,Dalton,1965-01-22,1992-09-30,9999-01-01,Technique Leader
446959,Aram,Passino,1965-01-29,1995-01-28,9999-01-01,Senior Engineer
447018,Dannz,Miara,1965-01-17,1992-12-04,9999-01-01,Senior Engineer
447135,Gennady,Rouquie,1965-01-31,1989-08-24,9999-01-01,Senior Staff
447191,Dmitri,Rousseau,1965-01-17,1995-06-19,1997-05-26,Engineer
447232,Aleksander,Schaaf,1965-01-22,1995-05-26,2000-01-10,Senior Staff
447290,Maria,Miculan,1965-01-08,1993-04-12,1998-05-08,Senior Engineer
447376,Kirk,Zongker,1965-01-07,1999-12-10,9999-01-01,Staff
447544,Stabislas,Kakkad,1965-01-22,1989-02-19,9999-01-01,Senior Staff
447599,Heeju,Kemmerer,1965-01-17,1991-12-26,1996-02-15,Technique Leader
447613,Paris,Restivo,1965-01-15,1986-11-21,9999-01-01,Engineer
447877,Make,Heuser,1965-01-13,1988-07-02,9999-01-01,Engineer
447931,Martijn,Jeong,1965-01-11,1990-12-14,9999-01-01,Senior Staff
447966,Kamakshi,Hebert,1965-01-05,1997-01-17,9999-01-01,Engineer
447982,Shiv,Baezner,1965-01-25,1990-12-17,9999-01-01,Engineer
447999,Shiv,Vilarrasa,1965-01-05,1990-08-01,9999-01-01,Senior Engineer
448165,Anyuan,Schwaller,1965-01-07,1993-08-31,2001-05-06,Senior Staff
448769,Mong,Dichev,1965-01-18,1997-10-11,9999-01-01,Technique Leader
448900,Mart,Talmor,1965-01-16,1999-05-11,9999-01-01,Staff
448918,Chiradeep,Arlazarov,1965-01-23,1989-10-06,9999-01-01,Senior Engineer
448994,Haldun,Syang,1965-01-12,1997-02-11,9999-01-01,Staff
449189,Jahangir,Bernatsky,1965-01-30,1995-09-30,9999-01-01,Senior Staff
449815,Fumitaka,Quittner,1965-01-27,1988-04-20,9999-01-01,Staff
449966,Mabry,Knightly,1965-01-31,1994-01-04,2001-03-06,Staff
449984,Hinrich,Perin,1965-02-01,1985-11-20,9999-01-01,Engineer
450184,Selwyn,Henseler,1965-01-11,1993-03-09,9999-01-01,Senior Engineer
450255,Udo,Waymire,1965-01-31,1986-06-14,9999-01-01,Technique Leader
450309,Gill,Orlowska,1965-01-08,1986-12-25,9999-01-01,Technique Leader
450371,Eldridge,Pargaonkar,1965-01-21,1992-08-03,1999-09-04,Engineer
450421,Selwyn,Munoz,1965-01-25,1989-07-05,1992-10-07,Engineer
450475,Saeed,Bahl,1965-01-21,1991-01-29,9999-01-01,Senior Staff
450510,Boalin,Tramer,1965-01-25,1992-04-13,1993-02-24,Staff
450817,DAIDA,Frolund,1965-01-10,1987-07-17,9999-01-01,Senior Engineer
450888,Sedat,Rande,1965-01-03,1995-03-25,9999-01-01,Senior Staff
450934,Chanjung,Raoux,1965-01-23,1992-05-25,9999-01-01,Senior Engineer
450936,Yuriy,Ponthieu,1965-01-18,1991-12-11,9999-01-01,Senior Staff
451253,Jaihie,Ozeri,1965-01-15,1991-06-21,9999-01-01,Senior Staff
451272,Jacopo,Krohm,1965-01-02,1991-04-24,9999-01-01,Senior Engineer
451275,Bedrich,Isard,1965-01-25,1986-06-07,9999-01-01,Senior Staff
451333,Radhika,Bonifati,1965-01-15,1995-03-11,9999-01-01,Senior Staff
452137,Subir,Miake,1965-01-15,1999-01-09,9999-01-01,Senior Engineer
452196,Bartek,Snyers,1965-01-17,1987-01-14,2001-05-02,Senior Staff
452206,Arra,Esposito,1965-01-22,1994-11-03,9999-01-01,Staff
452325,Taiji,Berstel,1965-01-14,1996-12-02,9999-01-01,Engineer
452347,Shigeichiro,Brattka,1965-01-07,1996-07-13,9999-01-01,Senior Staff
452365,Fei,Gadepally,1965-01-05,1988-11-13,9999-01-01,Engineer
452956,Gou,Thombley,1965-01-17,1990-11-07,9999-01-01,Senior Engineer
452957,Alair,Nanard,1965-01-03,1996-02-10,9999-01-01,Staff
452970,Mari,Fargier,1965-01-06,1992-08-18,1995-12-11,Senior Engineer
452982,Lobel,Aloia,1965-01-29,1994-12-29,9999-01-01,Senior Staff
453070,Aran,Rosenbaum,1965-01-06,1991-04-25,9999-01-01,Staff
453154,Gao,Lally,1965-01-03,1996-03-01,9999-01-01,Staff
453644,Berni,Takkinen,1965-01-07,1992-06-08,9999-01-01,Senior Staff
453688,Chinya,Leslie,1965-01-24,1995-10-28,9999-01-01,Engineer
453723,Arne,Kohling,1965-01-15,1985-12-13,9999-01-01,Senior Engineer
453760,Ewing,Rajala,1965-01-13,1996-06-21,9999-01-01,Senior Staff
453790,Fai,Keirsey,1965-01-11,1994-10-12,9999-01-01,Engineer
453913,Stein,Perng,1965-01-23,1993-04-29,9999-01-01,Senior Staff
453996,Sugwoo,Weiland,1965-01-24,1997-04-23,1999-01-18,Senior Engineer
454338,Mohammed,Georg,1965-01-24,1998-08-03,9999-01-01,Engineer
454378,Gina,Ossenbruggen,1965-01-06,1998-01-03,9999-01-01,Technique Leader
454736,Nechama,Ermel,1965-01-24,1995-06-05,9999-01-01,Engineer
454791,Xiaoqiu,Pietracaprina,1965-01-22,1994-07-09,9999-01-01,Senior Engineer
454825,Kamakshi,Schusler,1965-01-02,1995-05-25,9999-01-01,Senior Engineer
454994,Mohan,Picht,1965-01-01,1991-02-24,9999-01-01,Engineer
455113,Manohar,Rothenberg,1965-01-15,1999-04-22,2002-06-16,Staff
455175,Soenke,Zaumen,1965-01-14,1992-02-22,9999-01-01,Staff
455243,Khoa,Bahk,1965-01-13,1991-06-10,1998-02-07,Senior Engineer
455284,Luisa,Baig,1965-01-09,1996-07-12,9999-01-01,Senior Engineer
455296,Mang,Sundgren,1965-01-01,1995-11-27,1999-07-13,Engineer
455364,Ranga,Plesums,1965-01-29,1990-01-28,1997-05-13,Senior Staff
455415,Weiye,Krohm,1965-01-10,1990-10-29,2000-02-10,Staff
455726,Qiwen,Kriebel,1965-01-08,1987-12-13,9999-01-01,Senior Staff
455814,Giao,DuCasse,1965-01-28,1991-07-19,9999-01-01,Engineer
455914,Peer,Angelopoulos,1965-01-01,1989-07-23,9999-01-01,Engineer
456767,Tetsurou,Schreiter,1965-01-24,1987-07-17,9999-01-01,Senior Staff
456824,Aloke,Neiman,1965-01-13,1985-07-10,1996-07-23,Technique Leader
456982,Shounak,Dratva,1965-01-07,1989-01-05,9999-01-01,Senior Engineer
457070,Gay,Plavsic,1965-01-25,1987-08-06,9999-01-01,Senior Staff
457146,Jinpo,Heyers,1965-01-20,1999-01-07,9999-01-01,Staff
457305,Sorina,Lakshmanan,1965-01-15,1994-09-03,9999-01-01,Staff
457337,Xumin,Beidas,1965-01-31,1995-04-27,9999-01-01,Technique Leader
457411,Xudong,Peck,1965-01-13,1988-04-18,9999-01-01,Senior Engineer
457489,Berna,Ranst,1965-01-24,1985-05-14,9999-01-01,Engineer
457611,Indrajit,Krogh,1965-01-09,1998-09-18,9999-01-01,Engineer
457653,Yakichi,Naumovich,1965-01-21,1988-06-12,1988-07-03,Technique Leader
457776,Florian,Siepmann,1965-01-15,1987-12-21,9999-01-01,Engineer
457813,Foong,Gargeya,1965-01-28,1992-01-24,9999-01-01,Engineer
457832,Jackson,Zielinski,1965-02-01,1997-09-12,9999-01-01,Senior Engineer
457938,Arch,Picco,1965-01-14,1997-10-22,9999-01-01,Senior Staff
458111,Florian,Tramer,1965-01-23,1999-11-07,9999-01-01,Engineer
458134,Thanasis,Standera,1965-01-11,1985-03-20,9999-01-01,Senior Staff
458191,George,Atchley,1965-01-28,1997-07-02,9999-01-01,Staff
458383,Mabhin,Foote,1965-01-06,1999-04-23,9999-01-01,Engineer
458726,Shahaf,Kitai,1965-01-13,1986-12-26,9999-01-01,Senior Staff
458790,Ramya,Azadmanesh,1965-01-17,1988-11-19,9999-01-01,Engineer
458919,Kaijung,Papadias,1965-01-12,1999-05-01,2001-04-12,Engineer
459172,Val,Rissanen,1965-01-19,1993-11-20,9999-01-01,Engineer
459356,Pramod,Wendorf,1965-01-21,1998-12-25,9999-01-01,Engineer
459429,Mohit,Verhaegen,1965-01-14,1992-05-27,9999-01-01,Senior Staff
459685,Hirochika,Goldhammer,1965-02-01,1998-03-12,9999-01-01,Engineer
459846,Yuping,Sethi,1965-01-24,1997-12-28,1999-05-21,Staff
460131,Adly,Hambrick,1965-01-16,1997-07-25,9999-01-01,Staff
460691,Munehiko,Gihr,1965-01-16,1989-12-06,9999-01-01,Senior Staff
460707,Yoshinari,Lanteri,1965-01-07,1996-12-25,9999-01-01,Senior Engineer
460920,Remzi,Mitzlaff,1965-01-22,1986-04-06,9999-01-01,Senior Staff
461120,Shietung,Gelosh,1965-01-18,1996-03-26,2001-04-01,Engineer
461270,Mrinalini,Mawatari,1965-01-10,1996-01-03,9999-01-01,Staff
461563,Sreenivas,Versino,1965-01-29,1985-08-24,1988-12-25,Senior Staff
461723,Deborah,Basawa,1965-01-02,1991-04-30,1992-03-02,Assistant Engineer
461801,Sumali,Cooman,1965-01-03,1993-04-18,9999-01-01,Senior Staff
462067,Sampalli,Francisci,1965-01-29,1994-11-25,2001-10-17,Senior Staff
462493,Paloma,Gerlach,1965-01-12,1988-07-26,9999-01-01,Senior Engineer
462736,Larisa,Murtafg,1965-01-14,1991-02-25,1993-06-04,Staff
462795,Somnath,Cummings,1965-01-05,1994-07-10,9999-01-01,Senior Staff
463023,Itzchak,Penn,1965-01-06,1999-01-21,9999-01-01,Staff
463099,Jinxi,Schmiedel,1965-01-15,1990-09-21,9999-01-01,Staff
463212,Ramya,Rossi,1965-01-09,2001-09-02,9999-01-01,Senior Engineer
463472,Jaber,Sethi,1965-01-11,2000-06-11,9999-01-01,Technique Leader
463495,Alenka,Barriga,1965-01-28,1988-05-06,9999-01-01,Senior Staff
464284,Huiqun,Henders,1965-01-20,1993-05-19,9999-01-01,Senior Staff
464303,Abdelghani,Nyrup,1965-01-22,1986-08-02,9999-01-01,Senior Staff
464526,Berna,Comellas,1965-01-02,1995-09-07,2000-02-18,Staff
465062,Stafford,Gist,1965-01-29,1988-05-07,9999-01-01,Engineer
465076,Tokuyasu,Ghelli,1965-01-19,1985-05-05,9999-01-01,Engineer
465085,Vidar,Gunderson,1965-01-18,1996-03-18,9999-01-01,Senior Staff
465409,Shahid,Varman,1965-01-30,1985-08-27,9999-01-01,Senior Staff
465501,Mrinalini,Gire,1965-01-05,1992-11-09,9999-01-01,Senior Staff
465711,Lakshmi,Frijda,1965-01-06,1990-04-21,9999-01-01,Senior Engineer
465853,Kwan,Kampfer,1965-01-01,1998-10-16,9999-01-01,Staff
465874,Herb,Picht,1965-01-12,1985-05-31,9999-01-01,Assistant Engineer
466064,Temple,Danlos,1965-01-31,1994-06-13,9999-01-01,Senior Staff
466367,Hiroyasu,Strandh,1965-01-05,1989-06-05,9999-01-01,Senior Staff
466509,Bezalel,Verhoeff,1965-01-26,1988-03-22,9999-01-01,Senior Engineer
466603,Yechezkel,Nourani,1965-01-23,1991-08-01,9999-01-01,Staff
466745,Boalin,Birsak,1965-01-26,1995-10-16,9999-01-01,Senior Staff
466911,Stepehn,Markovitch,1965-01-11,1991-08-13,1995-08-07,Staff
467176,Przemyslawa,Borovoy,1965-01-05,1993-06-18,9999-01-01,Senior Staff
467269,Nahum,Lambe,1965-01-18,1989-08-31,9999-01-01,Technique Leader
467392,Mariusz,Rikino,1965-01-07,1995-04-13,9999-01-01,Engineer
467441,Margareta,Bondorf,1965-01-13,1988-11-07,9999-01-01,Engineer
467591,Kiyotoshi,Hennebert,1965-01-17,1997-09-21,2001-03-06,Staff
467886,Sivanarayana,Chandrasekhar,1965-01-02,1996-01-24,9999-01-01,Senior Staff
467918,Tsuneo,Skrikant,1965-01-03,1997-10-21,9999-01-01,Staff
468360,Huei,Saoudi,1965-01-12,1994-08-10,9999-01-01,Technique Leader
468417,Kamakshi,Huhdanpaa,1965-01-25,1993-08-26,9999-01-01,Engineer
468659,Ranga,Lemarechal,1965-01-18,1989-11-05,9999-01-01,Engineer
468763,Sachin,Zlotek,1965-01-12,1985-03-11,1990-08-09,Senior Engineer
468773,Baziley,Brookner,1965-01-27,1993-09-22,9999-01-01,Engineer
469104,Nadjib,Comellas,1965-01-21,1996-04-18,1999-01-22,Senior Engineer
469253,Baruch,Basawa,1965-01-17,1993-09-17,9999-01-01,Senior Engineer
469269,Weiyi,Codenie,1965-01-23,1989-05-27,9999-01-01,Senior Engineer
469366,Aiman,Wilfing,1965-01-12,1990-12-30,9999-01-01,Engineer
469399,Hongzhu,Ruemmler,1965-01-25,1999-02-14,2000-06-06,Engineer
469527,Halsur,Ibel,1965-01-24,1998-03-05,9999-01-01,Staff
469529,Neven,Rikino,1965-01-07,1988-10-21,9999-01-01,Engineer
469735,Arif,Stranks,1965-01-30,1992-11-16,9999-01-01,Senior Engineer
469805,Chaosheng,Shobatake,1965-01-21,1991-07-03,2001-09-15,Senior Staff
469867,Hein,Jonsson,1965-01-23,1985-02-12,9999-01-01,Senior Staff
470456,Reuven,Oehlmann,1965-01-13,1986-03-29,9999-01-01,Senior Staff
470472,Zhiguo,Staudhammer,1965-02-01,1985-12-03,9999-01-01,Engineer
471397,Nigel,Zirintsis,1965-02-01,1999-07-23,9999-01-01,Engineer
471532,Feiyu,Decleir,1965-01-17,1998-09-13,9999-01-01,Technique Leader
471552,Basem,Lortz,1965-01-22,1997-10-25,9999-01-01,Staff
471911,Arun,Zaccaria,1965-01-14,1990-05-31,9999-01-01,Assistant Engineer
471939,Kazuhiko,Marshall,1965-01-27,1999-11-16,2001-06-04,Staff
472052,Godehard,Chinal,1965-01-26,1995-12-09,9999-01-01,Assistant Engineer
472143,Yahiko,Sommen,1965-01-25,1996-08-14,9999-01-01,Senior Staff
472238,Jungsoon,Gubsky,1965-01-31,1990-10-09,9999-01-01,Senior Engineer
472440,Xuejia,Leppanen,1965-01-30,1998-08-25,2000-10-25,Staff
472790,Zhenbing,Ibel,1965-01-23,1985-10-29,9999-01-01,Senior Engineer
472950,Weidon,Fordan,1965-01-29,1986-03-27,9999-01-01,Senior Engineer
473268,Hugo,Sgarro,1965-01-01,1992-04-24,9999-01-01,Senior Staff
473299,Khaled,Penn,1965-01-12,1992-05-19,9999-01-01,Staff
473490,Pantung,Reeker,1965-01-06,1992-05-11,9999-01-01,Senior Staff
473824,Shin,Puoti,1965-01-22,1996-12-20,1999-05-09,Staff
473940,Avishai,Majewski,1965-01-16,1998-01-10,9999-01-01,Engineer
474162,Ung,Taubenfeld,1965-01-31,1999-10-14,2001-06-30,Engineer
474257,Sungwon,Kornyak,1965-01-24,1991-04-04,1994-10-23,Staff
474331,Sugwoo,Eugenio,1965-01-29,1991-10-06,1994-03-02,Senior Staff
474372,Monique,Cyre,1965-01-13,1986-02-13,1994-10-11,Staff
474763,Mayuko,Clouatre,1965-01-07,1997-09-04,9999-01-01,Engineer
474796,Zongyan,Shackel,1965-01-10,1986-11-09,1987-08-17,Technique Leader
474918,Rasikan,Khalil,1965-01-15,1985-02-10,1985-03-11,Engineer
475087,Genevieve,Snedden,1965-01-31,1988-10-21,9999-01-01,Senior Engineer
475258,Fumiyo,Feinberg,1965-01-10,1987-11-22,2000-02-12,Staff
475538,Christophe,Leaver,1965-01-15,1998-10-31,9999-01-01,Staff
475938,Shigeaki,Lanteri,1965-01-14,1989-02-17,9999-01-01,Engineer
475965,Rimon,Pietracaprina,1965-01-02,1985-07-10,9999-01-01,Engineer
476055,Girolamo,Schlumberger,1965-01-03,1993-03-07,9999-01-01,Staff
476122,Khun,Spieker,1965-01-04,1995-05-07,9999-01-01,Engineer
476327,Reinhold,Binkley,1965-01-31,1995-05-29,9999-01-01,Senior Engineer
476361,Doohun,Preusig,1965-01-09,1985-04-13,1993-04-28,Technique Leader
476488,Yuping,Kuhnemann,1965-01-30,1986-12-13,1994-07-07,Technique Leader
477350,Terresa,Vigier,1965-01-01,1998-07-08,9999-01-01,Staff
477352,Nikolaos,Lorch,1965-01-12,1999-04-17,2002-03-07,Engineer
477578,Marit,Paludetto,1965-01-23,1990-09-30,9999-01-01,Engineer
477969,Bluma,Mundy,1965-01-18,1991-10-18,9999-01-01,Engineer
478007,Fumino,Narahara,1965-01-06,1991-09-21,9999-01-01,Engineer
478170,Doowon,Schoegge,1965-01-22,1995-04-13,9999-01-01,Assistant Engineer
478218,Djenana,Erol,1965-01-02,1999-01-31,1999-12-03,Engineer
478439,Yuichiro,Bale,1965-01-15,1997-11-04,9999-01-01,Technique Leader
478768,Arun,Katzenelson,1965-01-03,1991-10-28,9999-01-01,Engineer
478799,Shaw,Borovoy,1965-01-18,1991-05-11,9999-01-01,Senior Staff
478833,Pradeep,Valiente,1965-01-30,1992-09-19,9999-01-01,Engineer
478858,Hidekazu,Perna,1965-01-20,1999-11-08,9999-01-01,Staff
479024,Ewing,Kalorkoti,1965-01-03,1996-12-21,9999-01-01,Engineer
479407,Randi,Tomescu,1965-01-18,1986-11-25,9999-01-01,Assistant Engineer
479601,Kayoko,Bahi,1965-01-19,1997-02-19,9999-01-01,Staff
479695,Masamitsu,Murrill,1965-01-06,1999-06-23,9999-01-01,Senior Staff
480035,Sukumar,Georg,1965-01-26,1990-08-26,9999-01-01,Senior Staff
480066,Suebskul,Menhardt,1965-01-31,1994-07-26,9999-01-01,Engineer
480178,Uinam,Rahier,1965-01-03,1991-02-10,9999-01-01,Senior Staff
480268,Gaurav,Cheshire,1965-01-18,1989-03-30,9999-01-01,Technique Leader
480407,Deniz,Bennis,1965-01-01,1989-06-24,9999-01-01,Engineer
480571,Anoosh,Wielonsky,1965-01-09,1994-08-04,1996-08-01,Engineer
481050,Weiru,Burnard,1965-01-16,1990-10-15,9999-01-01,Senior Staff
481148,Gina,Decaestecker,1965-01-18,1986-06-20,1989-05-25,Engineer
481213,Shigehiro,Haldar,1965-01-08,1991-12-14,9999-01-01,Senior Staff
481397,Luisa,Chelton,1965-01-31,1998-08-13,9999-01-01,Assistant Engineer
481399,Amabile,Crelier,1965-01-05,1999-01-14,2000-04-07,Staff
481467,Margareta,Polajnar,1965-01-03,1989-02-24,1996-07-01,Staff
481764,Teiji,Marrakchi,1965-01-27,1986-08-26,9999-01-01,Senior Engineer
481790,Haldun,Erie,1965-01-22,1999-01-01,9999-01-01,Senior Engineer
481807,Taegyun,Vieri,1965-01-23,1988-06-17,1989-03-03,Senior Engineer
482278,Sven,Hinsberger,1965-01-02,1992-07-24,1994-07-26,Senior Engineer
482335,Kwangyoen,Peck,1965-01-26,1994-01-16,9999-01-01,Engineer
482354,Jayson,Zockler,1965-01-23,1999-11-06,9999-01-01,Staff
482755,Jouni,Conia,1965-01-03,1994-10-31,9999-01-01,Senior Staff
482756,Shaowei,Back,1965-01-02,1996-07-30,1998-12-21,Senior Staff
482885,Shaunak,Brizzi,1965-01-29,1988-09-02,9999-01-01,Engineer
482905,Aral,Hebden,1965-01-16,1991-09-10,9999-01-01,Senior Staff
482944,Duke,Journel,1965-01-26,1991-10-26,9999-01-01,Staff
483213,Phillip,Munch,1965-01-16,1991-09-02,1998-04-01,Technique Leader
483401,Rosita,Pokrovskii,1965-01-10,1996-08-03,9999-01-01,Senior Staff
483675,Hausi,Kamber,1965-01-22,1988-02-16,9999-01-01,Senior Engineer
483825,Marek,Mitchem,1965-01-22,1992-11-20,9999-01-01,Senior Engineer
483838,Sham,Kavanagh,1965-01-03,1997-12-18,9999-01-01,Assistant Engineer
483978,Dung,Tanemo,1965-01-24,1990-01-28,9999-01-01,Senior Staff
484126,Manton,Lueh,1965-01-05,1989-04-07,9999-01-01,Senior Staff
484142,Perry,Cooman,1965-01-05,1987-04-23,9999-01-01,Staff
484498,Herbert,Hammerschmidt,1965-01-26,1996-08-22,9999-01-01,Engineer
484756,Phule,Ruemmler,1965-01-16,1990-08-09,9999-01-01,Senior Engineer
485253,Gladys,Parhami,1965-01-14,1996-07-20,9999-01-01,Senior Staff
485489,Keiichiro,Armand,1965-01-01,1986-12-14,9999-01-01,Assistant Engineer
485577,Rafael,Menhoudj,1965-01-30,1997-04-27,9999-01-01,Senior Engineer
485579,Munehiro,Iwayama,1965-01-18,1986-12-16,9999-01-01,Senior Engineer
485799,Yoshimitsu,Litvinov,1965-01-27,1997-11-22,9999-01-01,Senior Staff
485817,Mahmut,Bolotov,1965-01-29,1995-01-10,1997-02-21,Engineer
486068,Yefim,Bernardeschi,1965-01-11,1996-06-26,9999-01-01,Staff
486808,Geoffrey,Siochi,1965-01-05,1998-12-27,9999-01-01,Senior Engineer
486918,Yagil,Remmers,1965-01-18,1994-11-01,9999-01-01,Senior Staff
486955,Jaber,Feldmann,1965-01-09,1997-05-23,1998-08-05,Engineer
486956,Matt,Ruemmler,1965-01-01,1993-10-14,9999-01-01,Engineer
486958,Tonny,Kropf,1965-01-06,1986-07-30,9999-01-01,Senior Engineer
487008,Zhigen,Raney,1965-01-22,1993-05-26,9999-01-01,Senior Staff
487505,Uno,Jayawardene,1965-01-20,1987-11-02,9999-01-01,Senior Staff
487856,Jaewon,Mansanne,1965-01-18,1999-05-22,2000-04-29,Engineer
487988,Ekawit,Schaft,1965-01-05,1990-05-20,9999-01-01,Senior Staff
488095,Francoise,Hegner,1965-01-24,1997-12-23,9999-01-01,Senior Staff
488115,Leah,Luke,1965-01-29,1995-08-23,1995-09-27,Assistant Engineer
488142,Denis,Narlikar,1965-01-05,1991-07-01,9999-01-01,Staff
488414,Changho,Gaughan,1965-01-10,1987-06-21,1991-07-13,Engineer
488482,Kensyu,Tsunoo,1965-01-30,1999-12-05,9999-01-01,Engineer
488540,Breannda,Maquelin,1965-01-22,1996-04-12,9999-01-01,Senior Staff
488619,Georgy,Bennis,1965-01-25,1998-04-11,9999-01-01,Engineer
488632,Irena,Baalen,1965-01-20,1999-11-22,2001-02-10,Staff
488693,Jiong,Zultner,1965-01-27,1993-03-10,9999-01-01,Senior Engineer
488707,Mihalis,Remmers,1965-01-16,1990-03-01,9999-01-01,Staff
488752,Nimmagadda,Baja,1965-01-23,1994-02-09,9999-01-01,Senior Staff
488788,Wuxu,Garigliano,1965-01-12,1990-09-21,9999-01-01,Staff
488984,Kendra,Junet,1965-01-18,1986-02-28,1992-11-12,Senior Staff
489465,Bogdan,Pepe,1965-01-17,1995-02-15,1998-11-06,Engineer
489755,Matk,Chorvat,1965-01-14,1999-12-04,9999-01-01,Senior Staff
489756,Kersti,Miculan,1965-01-01,1992-06-09,9999-01-01,Staff
489928,Satoru,Janetzko,1965-01-28,1997-07-26,9999-01-01,Assistant Engineer
490240,Kazunori,Orlowska,1965-01-18,1996-06-18,2000-10-26,Staff
490551,Lalit,Lindqvist,1965-01-01,1998-11-07,9999-01-01,Engineer
490557,Luise,Vigier,1965-01-27,1994-07-01,9999-01-01,Engineer
490568,Zita,Reistad,1965-01-01,1998-07-23,9999-01-01,Senior Engineer
490720,Younwoo,Samarati,1965-01-19,2002-05-18,9999-01-01,Senior Engineer
491079,Kwangsub,Keirsey,1965-01-06,1992-02-04,9999-01-01,Senior Engineer
491162,Panayotis,Hempstead,1965-01-14,1994-08-29,9999-01-01,Senior Engineer
491478,Gill,Varman,1965-01-16,1988-06-18,9999-01-01,Senior Staff
491494,Saniya,Broomell,1965-01-19,1992-08-04,1997-09-02,Staff
491596,Charmane,Pargas,1965-01-21,1992-08-03,9999-01-01,Engineer
491632,Gadiel,Perly,1965-01-01,1986-10-20,9999-01-01,Senior Staff
492000,Valeska,Cools,1965-01-10,1993-12-16,9999-01-01,Senior Staff
492052,Udo,Ratnakar,1965-01-11,1999-11-30,9999-01-01,Staff
492217,Heekeun,Verhaegen,1965-01-16,1991-09-28,9999-01-01,Senior Engineer
492639,Sanjoy,Porenta,1965-01-30,1997-07-10,9999-01-01,Engineer
492677,Goetz,McAffer,1965-01-26,1988-02-05,9999-01-01,Senior Engineer
493031,Hironoby,Jakobus,1965-01-23,1991-07-30,9999-01-01,Staff
493048,Muzhong,Berztiss,1965-01-31,1995-01-23,9999-01-01,Senior Staff
493096,Sachem,Msuda,1965-01-31,1995-04-07,9999-01-01,Engineer
493278,Shaleah,Pileggi,1965-01-28,1999-02-10,1999-10-30,Engineer
493744,Leni,Kropatsch,1965-01-14,1997-07-17,9999-01-01,Senior Engineer
494019,Morrie,Iisaku,1965-01-16,1991-05-06,9999-01-01,Senior Staff
494088,Phule,Dahlbom,1965-01-10,1989-02-06,9999-01-01,Engineer
494493,Masasuke,Koprowski,1965-01-10,1996-11-20,9999-01-01,Staff
494978,Bezalel,Himler,1965-01-23,1999-07-09,2002-06-12,Staff
494995,Yongmao,Pouyioutas,1965-01-04,1989-08-24,9999-01-01,Senior Staff
495969,Geoffrey,Panienski,1965-01-01,1988-11-28,1998-06-07,Engineer
496100,Pranjal,Reinhard,1965-01-07,1995-05-08,9999-01-01,Staff
496970,Giordano,Maquelin,1965-01-03,1999-12-31,9999-01-01,Senior Engineer
496978,Danco,Debuse,1965-01-30,1993-09-10,9999-01-01,Senior Staff
497007,Oldrich,Adachi,1965-01-23,1998-08-09,9999-01-01,Engineer
497174,Sanjiv,Bressoud,1965-01-02,1993-04-27,9999-01-01,Senior Engineer
497340,Fayez,Keohane,1965-01-06,1990-09-19,9999-01-01,Senior Staff
497391,Paris,Lieblein,1965-01-30,1999-05-19,9999-01-01,Engineer
497409,Reinhard,Erde,1965-01-21,1992-12-04,1996-03-13,Engineer
497660,Gritta,Petereit,1965-01-02,1985-04-06,1994-09-05,Senior Engineer
497835,Shuho,Laurillard,1965-01-29,1999-10-06,9999-01-01,Technique Leader
498185,Caolyn,Marciano,1965-01-19,1999-06-06,9999-01-01,Senior Engineer
498337,Naraig,Docker,1965-01-30,1997-05-17,9999-01-01,Staff
498456,Geraldo,Gerteisen,1965-01-17,1987-06-05,9999-01-01,Senior Staff
498635,Florian,Pezzoli,1965-01-09,1988-07-22,9999-01-01,Senior Staff
498838,Sanjay,Ciolek,1965-01-16,1989-12-13,9999-01-01,Senior Staff
498845,Arumugam,Pelc,1965-01-09,1999-11-13,9999-01-01,Senior Engineer
498955,Nechama,Kandlur,1965-01-13,1995-01-16,9999-01-01,Engineer
499160,Urs,Rande,1965-01-12,1990-01-25,1991-03-01,Staff
499194,Padma,Delgrange,1965-01-29,1998-01-02,1999-08-27,Senior Staff
499260,Danae,Honglei,1965-01-11,1998-09-14,9999-01-01,Engineer
499495,Baoqiu,Kakkar,1965-01-14,1999-08-30,9999-01-01,Engineer
